# record data: step_count | legL_position (6-joints [rad] value) |  legR_position (6-joints [rad] value) |  legL_velocity (6-joints [rad/s] value) |  legR_velocity (6-joints [rad/s] value)
0 0 -0 0.420559 -0.782947 -0.362387 0 0 -0 -0.420559 0.782947 0.362387 0 0 0 0 0 0 0 0 0 0 0 0 0 
1 0 1.4531e-06 0.420559 -0.782947 -0.362387 1.4531e-06 0 1.4531e-06 -0.420559 0.782947 0.362387 1.4531e-06 0 0.000290754 -1.03496e-09 2.04535e-09 -1.01039e-09 -0.000290754 0 0.000290754 -1.03496e-09 2.04535e-09 -1.01039e-09 -0.000290754 
2 0 5.82061e-06 0.420559 -0.782947 -0.362387 5.82061e-06 0 5.82061e-06 -0.420559 0.782947 0.362387 5.82061e-06 0 0.000583169 -8.31501e-09 1.64327e-08 -8.11766e-09 -0.000583169 0 0.000583169 -8.31501e-09 1.64327e-08 -8.11766e-09 -0.000583169 
3 0 1.31276e-05 0.420559 -0.782947 -0.362387 1.31276e-05 0 1.31276e-05 -0.420559 0.782947 0.362387 1.31276e-05 0 0.000878914 -2.82638e-08 5.58568e-08 -2.7593e-08 -0.000878914 0 0.000878914 -2.82638e-08 5.58568e-08 -2.7593e-08 -0.000878914 
4 0 2.34156e-05 0.420559 -0.782947 -0.362387 2.34156e-05 0 2.34156e-05 -0.420559 0.782947 0.362387 2.34156e-05 0 0.00117968 -6.76659e-08 1.33726e-07 -6.60599e-08 -0.00117968 0 0.00117968 -6.76659e-08 1.33726e-07 -6.60599e-08 -0.00117968 
5 0 3.67436e-05 0.420559 -0.782947 -0.362387 3.67436e-05 0 3.67436e-05 -0.420559 0.782947 0.362387 3.67436e-05 0 0.00148718 -1.33858e-07 2.6454e-07 -1.30681e-07 -0.00148718 0 0.00148718 -1.33858e-07 2.6454e-07 -1.30681e-07 -0.00148718 
6 0 5.31875e-05 0.420559 -0.782947 -0.362387 5.31875e-05 0 5.31875e-05 -0.420559 0.782947 0.362387 5.31875e-05 0 0.00180318 -2.34935e-07 4.64294e-07 -2.29359e-07 -0.00180318 0 0.00180318 -2.34935e-07 4.64294e-07 -2.29359e-07 -0.00180318 
7 0 7.28414e-05 0.420559 -0.782947 -0.362387 7.28414e-05 0 7.28414e-05 -0.420559 0.782947 0.362387 7.28414e-05 0 0.00212947 -3.79971e-07 7.50923e-07 -3.70952e-07 -0.00212947 0 0.00212947 -3.79971e-07 7.50923e-07 -3.70952e-07 -0.00212947 
8 0 9.58174e-05 0.420559 -0.782947 -0.362387 9.58174e-05 0 9.58174e-05 -0.420559 0.782947 0.362387 9.58174e-05 0 0.00246792 -5.79263e-07 1.14478e-06 -5.65515e-07 -0.00246792 0 0.00246792 -5.79263e-07 1.14478e-06 -5.65515e-07 -0.00246792 
9 0 0.000122247 0.420559 -0.782947 -0.362387 0.000122247 0 0.000122247 -0.420559 0.782947 0.362387 0.000122247 0 0.00282047 -8.44617e-07 1.66919e-06 -8.2457e-07 -0.00282047 0 0.00282047 -8.44617e-07 1.66919e-06 -8.2457e-07 -0.00282047 
10 0 0.00015228 0.420559 -0.782947 -0.362387 0.00015228 0 0.00015228 -0.420559 0.782947 0.362387 0.00015228 0 0.00318913 -1.18964e-06 2.35105e-06 -1.16141e-06 -0.00318913 0 0.00318913 -1.18964e-06 2.35105e-06 -1.16141e-06 -0.00318913 
11 0 0.00018609 0.420559 -0.782947 -0.362387 0.00018609 0 0.00018609 -0.420559 0.782947 0.362387 0.00018609 0 0.003576 -1.63012e-06 3.22156e-06 -1.59143e-06 -0.003576 0 0.003576 -1.63012e-06 3.22156e-06 -1.59143e-06 -0.003576 
12 0 0.000223869 0.420559 -0.782947 -0.362387 0.000223869 0 0.000223869 -0.420559 0.782947 0.362387 0.000223869 0 0.00398329 -2.18441e-06 4.31698e-06 -2.13257e-06 -0.00398329 0 0.00398329 -2.18441e-06 4.31698e-06 -2.13257e-06 -0.00398329 
13 0 0.000265832 0.420559 -0.782947 -0.362387 0.000265832 0 0.000265832 -0.420559 0.782947 0.362387 0.000265832 0 0.00441333 -2.87391e-06 5.67961e-06 -2.8057e-06 -0.00441333 0 0.00441333 -2.87391e-06 5.67961e-06 -2.8057e-06 -0.00441333 
14 0 0.000312219 0.420559 -0.782947 -0.362387 0.000312219 0 0.000312219 -0.420559 0.782947 0.362387 0.000312219 0 0.00486857 -3.72359e-06 7.3588e-06 -3.63521e-06 -0.00486857 0 0.00486857 -3.72359e-06 7.3588e-06 -3.63521e-06 -0.00486857 
15 0 0.000363296 0.420559 -0.782946 -0.362387 0.000363296 0 0.000363296 -0.420559 0.782946 0.362387 0.000363296 0 0.00535162 -4.76262e-06 9.41221e-06 -4.64959e-06 -0.00535162 0 0.00535162 -4.76262e-06 9.41221e-06 -4.64959e-06 -0.00535162 
16 0 0.000419353 0.420559 -0.782946 -0.362387 0.000419353 0 0.000419353 -0.420559 0.782946 0.362387 0.000419353 0 0.00586523 -6.02512e-06 1.19072e-05 -5.88213e-06 -0.00586523 0 0.00586523 -6.02512e-06 1.19072e-05 -5.88213e-06 -0.00586523 
17 0 0.000480712 0.420559 -0.782946 -0.362387 0.000480712 0 0.000480712 -0.420559 0.782946 0.362387 0.000480712 0 0.00641234 -7.55096e-06 1.49227e-05 -7.37175e-06 -0.00641234 0 0.00641234 -7.55096e-06 1.49227e-05 -7.37175e-06 -0.00641234 
18 0 0.000547722 0.420559 -0.782946 -0.362387 0.000547722 0 0.000547722 -0.420559 0.782946 0.362387 0.000547722 0 0.00699607 -9.38676e-06 1.85507e-05 -9.16397e-06 -0.00699607 0 0.00699607 -9.38676e-06 1.85507e-05 -9.16397e-06 -0.00699607 
19 0 0.000620767 0.420559 -0.782946 -0.362387 0.000620767 0 0.000620767 -0.420559 0.782946 0.362387 0.000620767 0 0.00761976 -1.1587e-05 2.2899e-05 -1.1312e-05 -0.00761976 0 0.00761976 -1.1587e-05 2.2899e-05 -1.1312e-05 -0.00761976 
20 0 0.000700263 0.420559 -0.782946 -0.362387 0.000700263 0 0.000700263 -0.420559 0.782946 0.362387 0.000700263 0 0.00828696 -1.42153e-05 2.80933e-05 -1.38779e-05 -0.00828696 0 0.00828696 -1.42153e-05 2.80933e-05 -1.38779e-05 -0.00828696 
21 0 0.000786664 0.420559 -0.782945 -0.362387 0.000786664 0 0.000786664 -0.420559 0.782945 0.362387 0.000786664 0 0.00900148 -1.73462e-05 3.42807e-05 -1.69345e-05 -0.00900148 0 0.00900148 -1.73462e-05 3.42807e-05 -1.69345e-05 -0.00900148 
22 0 0.000880464 0.420559 -0.782945 -0.362386 0.000880464 0 0.000880464 -0.420559 0.782945 0.362386 0.000880464 0 0.00976742 -2.10665e-05 4.1633e-05 -2.05665e-05 -0.00976742 0 0.00976742 -2.10665e-05 4.1633e-05 -2.05665e-05 -0.00976742 
23 0 0.000982198 0.420558 -0.782944 -0.362386 0.000982198 0 0.000982198 -0.420558 0.782944 0.362386 0.000982198 0 0.0105891 -2.54777e-05 5.03508e-05 -2.48731e-05 -0.0105891 0 0.0105891 -2.54777e-05 5.03508e-05 -2.48731e-05 -0.0105891 
24 0 0.00109245 0.420558 -0.782944 -0.362386 0.00109245 0 0.00109245 -0.420558 0.782944 0.362386 0.00109245 0 0.0114713 -3.06984e-05 6.06683e-05 -2.99698e-05 -0.0114713 0 0.0114713 -3.06984e-05 6.06683e-05 -2.99698e-05 -0.0114713 
25 0 0.00121184 0.420558 -0.782943 -0.362386 0.00121184 0 0.00121184 -0.420558 0.782943 0.362386 0.00121184 12.26 12.26 12.26 12.26 12.26 12.26 12.26 12.26 12.26 12.26 12.26 12.26 
26 0 0.00134106 0.420557 -0.782942 -0.362385 0.00134106 0 0.00134106 -0.420557 0.782942 0.362385 0.00134106 12.26 12.26 12.26 12.26 12.26 12.26 12.26 12.26 12.26 12.26 12.26 12.26 
27 0 0.00148085 0.420557 -0.782941 -0.362385 0.00148085 0 0.00148085 -0.420557 0.782941 0.362385 0.00148085 12.26 12.26 12.26 12.26 12.26 12.26 12.26 12.26 12.26 12.26 12.26 12.26 
28 0 0.001632 0.420556 -0.78294 -0.362384 0.001632 0 0.001632 -0.420556 0.78294 0.362384 0.001632 12.26 12.26 12.26 12.26 12.26 12.26 12.26 12.26 12.26 12.26 12.26 12.26 
29 0 0.00179538 0.420556 -0.782939 -0.362383 0.00179538 0 0.00179538 -0.420556 0.782939 0.362383 0.00179538 12.26 12.26 12.26 12.26 12.26 12.26 12.26 12.26 12.26 12.26 12.26 12.26 
30 0 0.00197191 0.420555 -0.782937 -0.362383 0.00197191 0 0.00197191 -0.420555 0.782937 0.362383 0.00197191 0 0.0183445 -8.86135e-05 0.000175124 -8.65104e-05 -0.0183445 0 0.0183445 -8.86135e-05 0.000175124 -8.65104e-05 -0.0183445 
31 0 0.00216261 0.420554 -0.782935 -0.362382 0.00216261 0 0.00216261 -0.420554 0.782935 0.362382 0.00216261 0 0.0198144 -0.00010497 0.000207449 -0.000102479 -0.0198144 0 0.0198144 -0.00010497 0.000207449 -0.000102479 -0.0198144 
32 0 0.00236857 0.420553 -0.782933 -0.362381 0.00236857 0 0.00236857 -0.420553 0.782933 0.362381 0.00236857 0 0.0213974 -0.000124152 0.000245358 -0.000121206 -0.0213974 0 0.0213974 -0.000124152 0.000245358 -0.000121206 -0.0213974 
33 0 0.00259097 0.420551 -0.782931 -0.362379 0.00259097 0 0.00259097 -0.420551 0.782931 0.362379 0.00259097 0 0.0231025 -0.000146633 0.000289786 -0.000143153 -0.0231025 0 0.0231025 -0.000146633 0.000289786 -0.000143153 -0.0231025 
34 0 0.00283106 0.42055 -0.782927 -0.362378 0.00283106 0 0.00283106 -0.42055 0.782927 0.362378 0.00283106 0 0.0249397 -0.000172962 0.00034182 -0.000168857 -0.0249397 0 0.0249397 -0.000172962 0.00034182 -0.000168857 -0.0249397 
35 0 0.00309023 0.420548 -0.782924 -0.362376 0.00309023 0 0.00309023 -0.420548 0.782924 0.362376 0.00309023 0 0.0269192 -0.000203783 0.000402729 -0.000198946 -0.0269192 0 0.0269192 -0.000203783 0.000402729 -0.000198946 -0.0269192 
36 0 0.00336995 0.420546 -0.782919 -0.362374 0.00336995 0 0.00336995 -0.420546 0.782919 0.362374 0.00336995 0 0.0290525 -0.000239841 0.00047399 -0.000234149 -0.0290525 0 0.0290525 -0.000239841 0.00047399 -0.000234149 -0.0290525 
37 0 0.00367183 0.420543 -0.782914 -0.362371 0.00367183 0 0.00367183 -0.420543 0.782914 0.362371 0.00367183 0 0.0313517 -0.000282009 0.000557325 -0.000275316 -0.0313517 0 0.0313517 -0.000282009 0.000557325 -0.000275316 -0.0313517 
38 0 0.00399757 0.42054 -0.782908 -0.362368 0.00399757 0 0.00399757 -0.42054 0.782908 0.362368 0.00399757 0 0.03383 -0.0003313 0.000654737 -0.000323437 -0.03383 0 0.03383 -0.0003313 0.000654737 -0.000323437 -0.03383 
39 0 0.00434906 0.420536 -0.782901 -0.362365 0.00434906 0 0.00434906 -0.420536 0.782901 0.362365 0.00434906 0 0.0365014 -0.000388895 0.00076856 -0.000379665 -0.0365014 0 0.0365014 -0.000388895 0.00076856 -0.000379665 -0.0365014 
40 0 0.00472828 0.420532 -0.782893 -0.362361 0.00472828 0 0.00472828 -0.420532 0.782893 0.362361 0.00472828 0 0.0393814 -0.000456169 0.000901512 -0.000445343 -0.0393814 0 0.0393814 -0.000456169 0.000901512 -0.000445343 -0.0393814 
41 0 0.00513742 0.420527 -0.782883 -0.362356 0.00513742 0 0.00513742 -0.420527 0.782883 0.362356 0.00513742 0 0.0424862 -0.000534724 0.00105676 -0.000522034 -0.0424862 0 0.0424862 -0.000534724 0.00105676 -0.000522034 -0.0424862 
42 0 0.00557879 0.420521 -0.782871 -0.36235 0.00557879 0 0.00557879 -0.420521 0.782871 0.36235 0.00557879 0 0.0458336 -0.000626424 0.00123798 -0.000611558 -0.0458336 0 0.0458336 -0.000626424 0.00123798 -0.000611558 -0.0458336 
43 0 0.00605493 0.420515 -0.782858 -0.362343 0.00605493 0 0.00605493 -0.420515 0.782858 0.362343 0.00605493 0 0.0494429 -0.00073344 0.00144947 -0.000716035 -0.0494429 0 0.0494429 -0.00073344 0.00144947 -0.000716035 -0.0494429 
44 0 0.00656855 0.420507 -0.782842 -0.362336 0.00656855 0 0.00656855 -0.420507 0.782842 0.362336 0.00656855 0 0.0533344 -0.000858298 0.00169623 -0.00083793 -0.0533344 0 0.0533344 -0.000858298 0.00169623 -0.00083793 -0.0533344 
45 0 0.00712259 0.420497 -0.782824 -0.362327 0.00712259 0 0.00712259 -0.420497 0.782824 0.362327 0.00712259 0 0.0575306 -0.00100394 0.00198406 -0.000980118 -0.0575306 0 0.0575306 -0.00100394 0.00198406 -0.000980118 -0.0575306 
46 0 0.0077202 0.420486 -0.782802 -0.362316 0.0077202 0 0.0077202 -0.420486 0.782802 0.362316 0.0077202 0 0.0620554 -0.00117379 0.00231973 -0.00114594 -0.0620554 0 0.0620554 -0.00117379 0.00231973 -0.00114594 -0.0620554 
47 0 0.0083648 0.420474 -0.782777 -0.362304 0.0083648 0 0.0083648 -0.420474 0.782777 0.362304 0.0083648 0 0.0669345 -0.00137184 0.00271113 -0.00133929 -0.0669345 0 0.0669345 -0.00137184 0.00271113 -0.00133929 -0.0669345 
48 0 0.00906007 0.420459 -0.782748 -0.362289 0.00906007 0 0.00906007 -0.420459 0.782748 0.362289 0.00906007 0 0.0721958 -0.00160272 0.00316742 -0.0015647 -0.0721958 0 0.0721958 -0.00160272 0.00316742 -0.0015647 -0.0721958 
49 0 0.00980997 0.420442 -0.782714 -0.362272 0.00980997 0 0.00980997 -0.420442 0.782714 0.362272 0.00980997 0 0.0778696 -0.00187185 0.00369928 -0.00182744 -0.0778696 0 0.0778696 -0.00187185 0.00369928 -0.00182744 -0.0778696 
50 0 0.0106188 0.420421 -0.782674 -0.362252 0.0106188 0 0.0106188 -0.420421 0.782674 0.362252 0.0106188 0 0.083988 -0.0021855 0.00431914 -0.00213365 -0.083988 0 0.083988 -0.0021855 0.00431914 -0.00213365 -0.083988 
51 0 0.0114911 0.420398 -0.782627 -0.362229 0.0114911 0 0.0114911 -0.420398 0.782627 0.362229 0.0114911 12.26 12.26 12.26 12.26 12.26 12.26 12.26 12.26 12.26 12.26 12.26 12.26 
52 0 0.012432 0.42037 -0.782573 -0.362202 0.012432 0 0.012432 -0.42037 0.782573 0.362202 0.012432 12.26 12.26 12.26 12.26 12.26 12.26 12.26 12.26 12.26 12.26 12.26 12.26 
53 0 0.0134467 0.420338 -0.782509 -0.362171 0.0134467 0 0.0134467 -0.420338 0.782509 0.362171 0.0134467 12.26 12.26 12.26 12.26 12.26 12.26 12.26 12.26 12.26 12.26 12.26 12.26 
54 0 0.0145411 0.4203 -0.782435 -0.362134 0.0145411 0 0.0145411 -0.4203 0.782435 0.362134 0.0145411 12.26 12.26 12.26 12.26 12.26 12.26 12.26 12.26 12.26 12.26 12.26 12.26 
55 0 0.0157214 0.420257 -0.782348 -0.362092 0.0157214 0 0.0157214 -0.420257 0.782348 0.362092 0.0157214 12.26 12.26 12.26 12.26 12.26 12.26 12.26 12.26 12.26 12.26 12.26 12.26 
56 0 0.0169943 0.420206 -0.782247 -0.362042 0.0169943 0 0.0169943 -0.420206 0.782247 0.362042 0.0169943 0 0.132198 -0.00550851 0.0108864 -0.00537791 -0.132198 0 0.132198 -0.00550851 0.0108864 -0.00537791 -0.132198 
57 0 0.0183671 0.420146 -0.78213 -0.361984 0.0183671 0 0.0183671 -0.420146 0.78213 0.361984 0.0183671 0 0.142578 -0.00642191 0.0126916 -0.00626969 -0.142578 0 0.142578 -0.00642191 0.0126916 -0.00626969 -0.142578 
58 0 0.0198476 0.420077 -0.781993 -0.361916 0.0198476 0 0.0198476 -0.420077 0.781993 0.361916 0.0198476 0 0.153771 -0.00748573 0.0147941 -0.00730833 -0.153771 0 0.153771 -0.00748573 0.0147941 -0.00730833 -0.153771 
59 0 0.0214442 0.419996 -0.781833 -0.361837 0.0214442 0 0.0214442 -0.419996 0.781833 0.361837 0.0214442 0 0.165843 -0.00872471 0.0172427 -0.00851801 -0.165843 0 0.165843 -0.00872471 0.0172427 -0.00851801 -0.165843 
60 0 0.0231661 0.419901 -0.781646 -0.361745 0.0231661 0 0.0231661 -0.419901 0.781646 0.361745 0.0231661 0 0.178861 -0.0101677 0.0200945 -0.00992684 -0.178861 0 0.178861 -0.0101677 0.0200945 -0.00992684 -0.178861 
61 0 0.0250229 0.419792 -0.781429 -0.361638 0.0250229 0 0.0250229 -0.419792 0.781429 0.361638 0.0250229 0 0.192902 -0.0118482 0.0234158 -0.0115677 -0.192902 0 0.192902 -0.0118482 0.0234158 -0.0115677 -0.192902 
62 0 0.0270253 0.419664 -0.781176 -0.361513 0.0270253 0 0.0270253 -0.419664 0.781176 0.361513 0.0270253 0 0.208044 -0.0138054 0.0272841 -0.0134787 -0.208044 0 0.208044 -0.0138054 0.0272841 -0.0134787 -0.208044 
63 0 0.0291847 0.419515 -0.780882 -0.361367 0.0291847 0 0.0291847 -0.419515 0.780882 0.361367 0.0291847 0 0.224374 -0.016085 0.0317895 -0.0157045 -0.224374 0 0.224374 -0.016085 0.0317895 -0.0157045 -0.224374 
64 0 0.0315132 0.419341 -0.780538 -0.361198 0.0315132 0 0.0315132 -0.419341 0.780538 0.361198 0.0315132 0 0.241985 -0.0187402 0.0370373 -0.0182971 -0.241985 0 0.241985 -0.0187402 0.0370373 -0.0182971 -0.241985 
65 0 0.0340241 0.419139 -0.780138 -0.361 0.0340241 0 0.0340241 -0.419139 0.780138 0.361 0.0340241 0 0.260978 -0.0218332 0.0431504 -0.0213173 -0.260978 0 0.260978 -0.0218332 0.0431504 -0.0213173 -0.260978 
66 0 0.0367317 0.418903 -0.779673 -0.36077 0.0367317 0 0.0367317 -0.418903 0.779673 0.36077 0.0367317 0 0.281462 -0.0254364 0.0502723 -0.0248359 -0.281462 0 0.281462 -0.0254364 0.0502723 -0.0248359 -0.281462 
67 0 0.0396511 0.418628 -0.77913 -0.360502 0.0396511 0 0.0396511 -0.418628 0.77913 0.360502 0.0396511 0 0.303554 -0.0296347 0.0585703 -0.0289356 -0.303554 0 0.303554 -0.0296347 0.0585703 -0.0289356 -0.303554 
68 0 0.0427989 0.418308 -0.778498 -0.360189 0.0427989 0 0.0427989 -0.418308 0.778498 0.360189 0.0427989 0 0.327378 -0.034527 0.0682404 -0.0337134 -0.327378 0 0.327378 -0.034527 0.0682404 -0.0337134 -0.327378 
69 0 0.0461928 0.417936 -0.777761 -0.359825 0.0461928 0 0.0461928 -0.417936 0.777761 0.359825 0.0461928 0 0.353073 -0.0402293 0.0795118 -0.0392825 -0.353073 0 0.353073 -0.0402293 0.0795118 -0.0392825 -0.353073 
70 0 0.0498518 0.417501 -0.776903 -0.359401 0.0498518 0 0.0498518 -0.417501 0.776903 0.359401 0.0498518 0 0.380784 -0.0468773 0.0926529 -0.0457755 -0.380784 0 0.380784 -0.0468773 0.0926529 -0.0457755 -0.380784 
71 0 0.0537966 0.416996 -0.775903 -0.358907 0.0537966 0 0.0537966 -0.416996 0.775903 0.358907 0.0537966 0 0.410669 -0.0546301 0.107978 -0.0533482 -0.410669 0 0.410669 -0.0546301 0.107978 -0.0533482 -0.410669 
72 0 0.0580491 0.416406 -0.774738 -0.358332 0.0580491 0 0.0580491 -0.416406 0.774738 0.358332 0.0580491 0 0.4429 -0.0636745 0.125858 -0.0621831 -0.4429 0 0.4429 -0.0636745 0.125858 -0.0621831 -0.4429 
73 0 0.0626329 0.415719 -0.77338 -0.357661 0.0626329 0 0.0626329 -0.415719 0.77338 0.357661 0.0626329 0 0.47766 -0.0742298 0.146725 -0.072495 -0.47766 0 0.47766 -0.0742298 0.146725 -0.072495 -0.47766 
74 0 0.0675736 0.414919 -0.771798 -0.356879 0.0675736 0 0.0675736 -0.414919 0.771798 0.356879 0.0675736 0 0.515149 -0.0865549 0.171092 -0.0845372 -0.515149 0 0.515149 -0.0865549 0.171092 -0.0845372 -0.515149 
75 0 0.0728984 0.413985 -0.769953 -0.355967 0.0728984 0 0.0728984 -0.413985 0.769953 0.355967 0.0728984 0 0.555579 -0.100955 0.199563 -0.0986082 -0.555579 0 0.555579 -0.100955 0.199563 -0.0986082 -0.555579 
76 0 0.0786363 0.412897 -0.767801 -0.354904 0.0786363 0 0.0786363 -0.412897 0.767801 0.354904 0.0786363 0 0.599182 -0.11779 0.232852 -0.115062 -0.599182 0 0.599182 -0.11779 0.232852 -0.115062 -0.599182 
77 0 0.0848188 0.411627 -0.765291 -0.353664 0.0848188 0 0.0848188 -0.411627 0.765291 0.353664 0.0848188 0 0.646207 -0.137489 0.271806 -0.134317 -0.646207 0 0.646207 -0.137489 0.271806 -0.134317 -0.646207 
78 0 0.0914792 0.410146 -0.762363 -0.352217 0.0914792 0 0.0914792 -0.410146 0.762363 0.352217 0.0914792 0 0.696922 -0.160561 0.317436 -0.156875 -0.696922 0 0.696922 -0.160561 0.317436 -0.156875 -0.696922 
79 0 0.0986532 0.408416 -0.758943 -0.350527 0.0986532 0 0.0986532 -0.408416 0.758943 0.350527 0.0986532 0 0.751617 -0.187616 0.370949 -0.183333 -0.751617 0 0.751617 -0.187616 0.370949 -0.183333 -0.751617 
80 0 0.106584 0.405957 -0.754899 -0.348941 0.106584 0 0.106168 -0.406454 0.755062 0.348609 0.106168 0 0.810605 -0.219791 0.434668 -0.214877 -0.810605 0 0.810605 -0.218917 0.432867 -0.21395 -0.810605 
81 0 0.114294 0.40377 -0.750576 -0.346806 0.114294 0 0.113879 -0.404275 0.750757 0.346482 0.113879 0 0.751036 -0.219895 0.434439 -0.214544 -0.751036 0 0.751036 -0.219074 0.432744 -0.21367 -0.751036 
82 0 0.121424 0.401595 -0.74628 -0.344685 0.121424 0 0.12101 -0.402107 0.746477 0.34437 0.12101 0 0.695757 -0.217935 0.430124 -0.212189 -0.695757 0 0.695757 -0.217164 0.428529 -0.211365 -0.695757 
83 0 0.128018 0.399449 -0.742047 -0.342598 0.128018 0 0.127605 -0.399969 0.74226 0.342291 0.127605 0 0.644451 -0.214317 0.422523 -0.208206 -0.644451 0 0.644451 -0.213593 0.421022 -0.207429 -0.644451 
84 0 0.134116 0.397348 -0.737907 -0.340559 0.134116 0 0.133703 -0.397874 0.738133 0.340259 0.133703 0 0.596825 -0.209384 0.412311 -0.202927 -0.596825 0 0.596825 -0.208704 0.4109 -0.202196 -0.596825 
85 0 0.139753 0.395302 -0.733882 -0.33858 0.139753 0 0.139341 -0.395835 0.734122 0.338286 0.139341 0 0.552607 -0.203426 0.40006 -0.196633 -0.552607 0 0.552607 -0.202788 0.398733 -0.195944 -0.552607 
86 0 0.144964 0.393321 -0.729989 -0.336668 0.144964 0 0.144553 -0.39386 0.730241 0.336381 0.144553 0 0.511546 -0.196688 0.386246 -0.189558 -0.511546 0 0.511546 -0.196089 0.384999 -0.18891 -0.511546 
87 0 0.14978 0.391412 -0.726242 -0.33483 0.14978 0 0.14937 -0.391956 0.726506 0.334549 0.14937 0 0.473406 -0.189373 0.371274 -0.1819 -0.473406 0 0.473406 -0.188812 0.370103 -0.181291 -0.473406 
88 0 0.154231 0.389578 -0.722649 -0.333072 0.154231 0 0.153821 -0.390128 0.722924 0.332797 0.153821 0 0.43797 -0.181654 0.355477 -0.173823 -0.43797 0 0.43797 -0.181127 0.354378 -0.173251 -0.43797 
89 0 0.158342 0.387823 -0.719218 -0.331396 0.158342 0 0.157932 -0.388377 0.719503 0.331126 0.157932 0 0.405035 -0.173673 0.339137 -0.165464 -0.405035 0 0.405035 -0.173179 0.338107 -0.164927 -0.405035 
90 0 0.162138 0.386148 -0.715952 -0.329804 0.162138 0 0.161729 -0.386708 0.716247 0.32954 0.161729 0 0.374413 -0.165548 0.322483 -0.156935 -0.374413 0 0.374413 -0.165086 0.321518 -0.156432 -0.374413 
91 0 0.165642 0.384555 -0.712853 -0.328298 0.165642 0 0.165233 -0.385119 0.713157 0.328038 0.165233 0 0.345929 -0.157377 0.305705 -0.148328 -0.345929 0 0.345929 -0.156944 0.304802 -0.147857 -0.345929 
92 0 0.168875 0.383043 -0.709922 -0.326878 0.168875 0 0.168467 -0.383611 0.710234 0.326623 0.168467 0 0.319421 -0.149239 0.288957 -0.139718 -0.319421 0 0.319421 -0.148834 0.288112 -0.139277 -0.319421 
93 0 0.171856 0.381612 -0.707156 -0.325543 0.171856 0 0.171448 -0.382184 0.707476 0.325292 0.171448 0 0.294737 -0.141198 0.272361 -0.131164 -0.294737 0 0.294737 -0.14082 0.271572 -0.130752 -0.294737 
94 0 0.174603 0.380261 -0.704554 -0.324293 0.174603 0 0.174196 -0.380836 0.704881 0.324046 0.174196 0 0.271736 -0.133304 0.256015 -0.122711 -0.271736 0 0.271736 -0.132952 0.255279 -0.122327 -0.271736 
95 0 0.177132 0.378986 -0.702112 -0.323126 0.177132 0 0.176725 -0.379564 0.702447 0.322882 0.176725 0 0.250288 -0.125599 0.239994 -0.114395 -0.250288 0 0.250288 -0.125271 0.239307 -0.114036 -0.250288 
96 0 0.179458 0.377787 -0.699828 -0.322041 0.179458 0 0.179051 -0.378368 0.700168 0.3218 0.179051 0 0.230268 -0.118112 0.224353 -0.106241 -0.230268 0 0.230268 -0.117806 0.223714 -0.105907 -0.230268 
97 0 0.181595 0.376661 -0.697696 -0.321035 0.181595 0 0.181189 -0.377245 0.698042 0.320797 0.181189 0 0.211564 -0.110865 0.209131 -0.098266 -0.211564 0 0.211564 -0.110581 0.208537 -0.0979559 -0.211564 
98 0 0.183555 0.375605 -0.695712 -0.320107 0.183555 0 0.183149 -0.376192 0.696064 0.319872 0.183149 0 0.194068 -0.103874 0.194355 -0.090481 -0.194068 0 0.194068 -0.103611 0.193804 -0.0901933 -0.194068 
99 0 0.185351 0.374618 -0.693872 -0.319255 0.185351 0 0.184945 -0.375207 0.69423 0.319023 0.184945 0 0.17768 -0.0971491 0.180039 -0.0828901 -0.17768 0 0.17768 -0.0969052 0.179529 -0.0826237 -0.17768 
100 0 0.186992 0.373695 -0.692172 -0.318477 0.186992 0 0.186586 -0.374286 0.692533 0.318247 0.186586 0 0.162307 -0.0906951 0.166188 -0.0754928 -0.162307 0 0.162307 -0.0904696 0.165716 -0.0752466 -0.162307 
101 0 0.188488 0.372834 -0.690605 -0.317771 0.188488 0 0.188082 -0.373428 0.690971 0.317543 0.188082 0 0.147861 -0.0845135 0.152798 -0.0682845 -0.147861 0 0.147861 -0.0843055 0.152363 -0.0680574 -0.147861 
102 0 0.189848 0.372034 -0.689168 -0.317135 0.189848 0 0.189443 -0.372629 0.689538 0.316909 0.189443 0 0.13426 -0.0786024 0.139859 -0.0612567 -0.13426 0 0.13426 -0.0784111 0.139459 -0.061048 -0.13426 
103 0 0.19108 0.37129 -0.687857 -0.316567 0.19108 0 0.190675 -0.371887 0.68823 0.316344 0.190675 0 0.121424 -0.072957 0.127355 -0.0543978 -0.121424 0 0.121424 -0.0727815 0.126988 -0.0542065 -0.121424 
104 0 0.192191 0.3706 -0.686666 -0.316066 0.192191 0 0.191786 -0.371199 0.687043 0.315844 0.191786 0 0.109283 -0.0675709 0.115265 -0.047694 -0.109283 0 0.109283 -0.0674104 0.11493 -0.0475193 -0.109283 
105 0 0.193188 0.369962 -0.685593 -0.31563 0.193188 0 0.192783 -0.371458 0.68582 0.314363 0.192783 12.26 12.26 12.26 12.26 12.26 12.26 12.26 12.26 12.26 12.26 12.26 12.26 
106 0 0.194076 0.369374 -0.684632 -0.315258 0.194076 0 0.196586 -0.415636 0.76176 0.346125 0.196586 12.26 12.26 12.26 12.26 12.26 12.26 12.26 12.26 12.26 12.26 12.26 12.26 
107 0 0.194861 0.368832 -0.683782 -0.314949 0.194861 0 0.200363 -0.456236 0.830194 0.373958 0.200363 12.26 12.26 12.26 12.26 12.26 12.26 12.26 12.26 12.26 12.26 12.26 12.26 
108 0 0.195547 0.368336 -0.683038 -0.314702 0.195547 0 0.204081 -0.493766 0.892145 0.398378 0.204081 12.26 12.26 12.26 12.26 12.26 12.26 12.26 12.26 12.26 12.26 12.26 12.26 
109 0 0.196139 0.367881 -0.682397 -0.314516 0.196139 0 0.207703 -0.528525 0.948224 0.419699 0.207703 12.26 12.26 12.26 12.26 12.26 12.26 12.26 12.26 12.26 12.26 12.26 12.26 
110 0 0.196639 0.367468 -0.681858 -0.31439 0.196639 0 0.211189 -0.560686 0.998808 0.438123 0.211189 0 0.0473423 -0.0401607 0.0498626 -0.00970192 -0.0473423 0 0.0510559 -2.73456 5.26068 -2.52613 -0.0510559 
111 0 0.19705 0.367093 -0.681419 -0.314326 0.19705 0 0.214497 -0.590348 1.04413 0.453784 0.214497 0 0.0382879 -0.0363059 0.0398469 -0.00354106 -0.0382879 0 0.0418678 -2.48502 4.74782 -2.2628 -0.0418678 
112 0 0.197376 0.366755 -0.681076 -0.314321 0.197376 0 0.217579 -0.617557 1.08434 0.46678 0.217579 0 0.0294524 -0.0326238 0.0299892 0.00263467 -0.0294524 0 0.0326284 -2.23804 4.24422 -2.00618 -0.0326284 
113 0 0.197617 0.366453 -0.68083 -0.314377 0.197617 0 0.22039 -0.642328 1.11951 0.47718 0.22039 0 0.0207845 -0.0291025 0.0202508 0.00885171 -0.0207845 0 0.0233038 -1.99074 3.74493 -1.75419 -0.0233038 
114 0 0.197776 0.366184 -0.680679 -0.314495 0.197776 0 0.222884 -0.664648 1.14969 0.485041 0.222884 0 0.0122354 -0.0257312 0.0105948 0.0151365 -0.0122354 0 0.0138675 -1.74117 3.24673 -1.50556 -0.0138675 
115 0 0.197853 0.365948 -0.680622 -0.314674 0.197853 0 0.225015 -0.684491 1.1749 0.490411 0.225015 0 0.00375671 -0.0224996 0.0009834 0.0215162 -0.00375671 0 0.00429821 -1.48801 2.74756 -1.25956 -0.00429821 
116 0 0.197848 0.365742 -0.68066 -0.314917 0.197848 0 0.226743 -0.701819 1.19515 0.493334 0.226743 0 -0.00470091 -0.0193971 -0.0086224 0.0280195 0.00470091 0 -0.00542138 -1.23046 2.24621 -1.01575 0.00542138 
117 0 0.197762 0.365567 -0.680791 -0.315224 0.197762 0 0.228032 -0.716586 1.21044 0.493849 0.228032 0 -0.0131854 -0.0164149 -0.0182604 0.0346752 0.0131854 0 -0.0153025 -0.968126 1.742 -0.77387 0.0153025 
118 0 0.197594 0.36542 -0.681018 -0.315598 0.197594 0 0.22885 -0.728747 1.22074 0.491997 0.22885 0 -0.0217458 -0.0135442 -0.0279691 0.0415133 0.0217458 0 -0.0253534 -0.700921 1.23465 -0.533732 0.0253534 
119 0 0.197344 0.365301 -0.68134 -0.316039 0.197344 0 0.229176 -0.738253 1.22607 0.487814 0.229176 0 -0.0304298 -0.0107784 -0.0377848 0.0485632 0.0304298 0 -0.0355768 -0.429017 0.724148 -0.295131 0.0355768 
120 0 0.197008 0.365208 -0.681759 -0.316551 0.197008 0 0.228996 -0.745061 1.2264 0.481335 0.228996 0 -0.0392864 -0.00811169 -0.0477441 0.0558558 0.0392864 0 -0.0459743 -0.152781 0.21057 -0.0577891 0.0459743 
121 0 0.196587 0.365142 -0.682277 -0.317136 0.196587 0 0.228304 -0.749128 1.22172 0.472591 0.228304 0 -0.0483686 -0.00553788 -0.0578861 0.063424 0.0483686 0 -0.0565499 0.127296 -0.305981 0.178685 0.0565499 
122 0 0.196077 0.365099 -0.682896 -0.317796 0.196077 0 0.227105 -0.750419 1.21202 0.461606 0.227105 0 -0.0577274 -0.00305417 -0.0682456 0.0712997 0.0577274 0 -0.0673043 0.410669 -0.825506 0.414837 0.0673043 
123 0 0.195475 0.365081 -0.683617 -0.318535 0.195475 0 0.225412 -0.748902 1.1973 0.448399 0.225412 0 -0.0674149 -0.000659732 -0.0788554 0.0795151 0.0674149 0 -0.0782393 0.696824 -1.34822 0.651395 0.0782393 
124 0 0.194778 0.365086 -0.684444 -0.319357 0.194778 0 0.223246 -0.74455 1.17753 0.432979 0.223246 0 -0.0774885 0.00164631 -0.0897512 0.0881049 0.0774885 0 -0.0893645 0.985374 -1.87469 0.889313 0.0893645 
125 0 0.193982 0.365113 -0.685379 -0.320266 0.193982 0 0.220637 -0.73734 1.15268 0.415344 0.220637 0 -0.0880043 0.00386049 -0.100963 0.0971021 0.0880043 0 -0.100689 1.27618 -2.406 1.12982 0.100689 
126 0 0.193082 0.365162 -0.686426 -0.321264 0.193082 0 0.21762 -0.727248 1.12272 0.395476 0.21762 0 -0.0990234 0.00597821 -0.11252 0.106542 0.0990234 0 -0.112232 1.56948 -2.94398 1.3745 0.112232 
127 0 0.192073 0.36523 -0.687589 -0.322358 0.192073 0 0.214232 -0.714247 1.08759 0.373339 0.214232 0 -0.110604 0.00798882 -0.124445 0.116456 0.110604 0 -0.124011 1.86609 -3.49152 1.62543 0.124011 
128 0 0.190949 0.365318 -0.688871 -0.323552 0.190949 0 0.210517 -0.698297 1.04717 0.348874 0.210517 0 -0.122821 0.0098856 -0.13677 0.126885 0.122821 0 -0.136066 2.16766 -4.05305 1.88539 0.136066 
129 0 0.189702 0.365424 -0.690276 -0.324852 0.189702 0 0.206518 -0.679341 1.00133 0.321988 0.206518 0 -0.135736 0.0116484 -0.149505 0.137857 0.135736 0 -0.148428 2.47705 -4.63524 2.1582 0.148428 
130 0 0.188328 0.365547 -0.691809 -0.326262 0.188328 0 0.202278 -0.657284 0.949828 0.292544 0.202278 0 -0.14943 0.0132612 -0.162672 0.149411 0.14943 0 -0.161151 2.79895 -5.24832 2.44937 0.161151 
131 0 0.186816 0.365684 -0.693473 -0.327789 0.186816 0 0.197839 -0.631978 0.892318 0.26034 0.197839 12.26 12.26 12.26 12.26 12.26 12.26 12.26 12.26 12.26 12.26 12.26 12.26 
132 0 0.185158 0.365835 -0.695274 -0.32944 0.185158 0 0.193238 -0.603178 0.82825 0.225073 0.193238 12.26 12.26 12.26 12.26 12.26 12.26 12.26 12.26 12.26 12.26 12.26 12.26 
133 0 0.183345 0.365996 -0.697216 -0.33122 0.183345 0 0.188512 -0.570481 0.756755 0.186274 0.188512 12.26 12.26 12.26 12.26 12.26 12.26 12.26 12.26 12.26 12.26 12.26 12.26 
134 0 0.181366 0.366166 -0.699303 -0.333136 0.181366 0 0.183691 -0.533195 0.67638 0.143186 0.183691 12.26 12.26 12.26 12.26 12.26 12.26 12.26 12.26 12.26 12.26 12.26 12.26 
135 0 0.179208 0.366341 -0.701538 -0.335197 0.179208 0 0.178802 -0.49005 0.584518 0.0944675 0.178802 12.26 12.26 12.26 12.26 12.26 12.26 12.26 12.26 12.26 12.26 12.26 12.26 
136 0 0.17686 0.366518 -0.703928 -0.337409 0.17686 0 0.176453 -0.48661 0.603839 0.117229 0.176453 0 -0.252605 0.017883 -0.250541 0.232658 0.252605 0 -0.252605 0.1038 -0.400416 0.296617 0.252605 
137 0 0.174307 0.366692 -0.706473 -0.339781 0.174307 0 0.1739 -0.487657 0.607907 0.12025 0.1739 0 -0.27422 0.0173343 -0.266429 0.249094 0.27422 0 -0.27422 0.108811 -0.425883 0.317072 0.27422 
138 0 0.171536 0.366858 -0.709176 -0.342318 0.171536 0 0.171128 -0.488752 0.61223 0.123478 0.171128 0 -0.297408 0.016214 -0.282525 0.266311 0.297408 0 -0.297408 0.113494 -0.451984 0.338491 0.297408 
139 0 0.168527 0.367009 -0.71204 -0.345031 0.168527 0 0.168119 -0.489892 0.616816 0.126924 0.168119 0 -0.322287 0.0144086 -0.298712 0.284303 0.322287 0 -0.322287 0.117736 -0.478608 0.360872 0.322287 
140 0 0.165264 0.367139 -0.715066 -0.347927 0.165264 0 0.164856 -0.491072 0.621669 0.130597 0.164856 0 -0.349004 0.011798 -0.314864 0.303066 0.349004 0 -0.349004 0.121421 -0.505641 0.38422 0.349004 
141 0 0.16173 0.367239 -0.718251 -0.351012 0.16173 0 0.16132 -0.492285 0.626792 0.134507 0.16132 0 -0.377724 0.00824583 -0.330835 0.322589 0.377724 0 -0.377724 0.124415 -0.53295 0.408535 0.377724 
142 0 0.157899 0.367298 -0.721595 -0.354296 0.157899 0 0.157489 -0.493525 0.63219 0.138665 0.157489 0 -0.408592 0.00357431 -0.346403 0.342829 0.408592 0 -0.408592 0.12654 -0.560323 0.433783 0.408592 
143 0 0.153751 0.367305 -0.725091 -0.357786 0.153751 0 0.153341 -0.494782 0.63786 0.143079 0.153341 0 -0.441796 -0.00240256 -0.361342 0.363745 0.441796 0 -0.441796 0.127612 -0.58755 0.459939 0.441796 
144 0 0.149262 0.367246 -0.728733 -0.361488 0.149262 0 0.148851 -0.496043 0.643802 0.147758 0.148851 0 -0.477525 -0.00990839 -0.375362 0.38527 0.477525 0 -0.477525 0.127406 -0.614358 0.486952 0.477525 
145 0 0.144402 0.367103 -0.732511 -0.365408 0.144402 0 0.143991 -0.497297 0.650009 0.152713 0.143991 0 -0.515975 -0.019207 -0.3881 0.407307 0.515975 0 -0.515975 0.125658 -0.640406 0.514748 0.515975 
146 0 0.139145 0.366859 -0.73641 -0.369551 0.139145 0 0.138733 -0.498525 0.656474 0.15795 0.138733 0 -0.557375 -0.0305914 -0.399151 0.429743 0.557375 0 -0.557375 0.122075 -0.665317 0.543241 0.557375 
147 0 0.133459 0.366489 -0.74041 -0.37392 0.133459 0 0.133046 -0.499707 0.663183 0.163475 0.133046 0 -0.601965 -0.0444042 -0.408021 0.452425 0.601965 0 -0.601965 0.116314 -0.688629 0.572315 0.601965 
148 0 0.127308 0.365969 -0.744487 -0.378519 0.127308 0 0.126895 -0.500821 0.670117 0.169296 0.126895 0 -0.649992 -0.0610479 -0.414108 0.475156 0.649992 0 -0.649992 0.107971 -0.709785 0.601814 0.649992 
149 0 0.120655 0.365267 -0.748614 -0.383346 0.120655 0 0.120241 -0.50184 0.677256 0.175416 0.120241 0 -0.701714 -0.0809898 -0.416694 0.497684 0.701714 0 -0.701714 0.0965768 -0.728118 0.631541 0.701714 
150 0 0.113463 0.364348 -0.752747 -0.388399 0.113463 0 0.113048 -0.502727 0.684564 0.181836 0.113048 0 -0.757463 -0.10474 -0.414988 0.519728 0.757463 0 -0.757463 0.0816276 -0.742911 0.661284 0.757463 
151 0 0.105685 0.363171 -0.756842 -0.393671 0.105685 0 0.10527 -0.503448 0.692004 0.188556 0.10527 0 -0.817529 -0.132925 -0.407974 0.5409 0.817529 0 -0.81753 0.0624964 -0.753234 0.690737 0.81753 
152 0 0.0972787 0.361687 -0.760839 -0.399152 0.0972787 0 0.0968626 -0.503954 0.699526 0.195572 0.0968626 0 -0.882275 -0.166246 -0.394506 0.560751 0.882275 0 -0.882275 0.0384917 -0.758049 0.719557 0.882275 
153 0 0.0881891 0.359842 -0.764669 -0.404827 0.0881891 0 0.0877722 -0.504195 0.707071 0.202877 0.0877722 0 -0.952041 -0.205537 -0.373168 0.578705 0.952041 0 -0.952041 0.00878529 -0.756078 0.747293 0.952041 
154 0 0.0783671 0.357569 -0.768242 -0.410673 0.0783671 0 0.0779495 -0.504107 0.714562 0.210455 0.0779495 0 -1.02726 -0.251736 -0.342354 0.59409 1.02726 0 -1.02726 -0.0275397 -0.745893 0.773432 1.02726 
155 0 0.0677515 0.354795 -0.771456 -0.41666 0.0677515 0 0.0673333 -0.503619 0.72191 0.21829 0.0673333 0 -1.10835 -0.305973 -0.30007 0.606043 1.10835 0 -1.10835 -0.0715897 -0.725715 0.797305 1.10835 
156 0 0.0562801 0.351433 -0.774183 -0.422751 0.0562801 0 0.0558613 -0.502648 0.729003 0.226355 0.0558613 0 -1.19575 -0.369557 -0.24396 0.613517 1.19575 0 -1.19575 -0.124635 -0.693469 0.818104 1.19575 
157 0 0.0438899 0.34738 -0.776272 -0.428892 0.0438899 0 0.0434705 -0.501095 0.735709 0.234613 0.0434705 0 -1.29 -0.444023 -0.17121 0.615233 1.29 0 -1.29 -0.188148 -0.646699 0.834847 1.29 
158 0 0.0305068 0.342518 -0.777537 -0.435019 0.0305068 0 0.0300871 -0.498848 0.741866 0.243018 0.0300871 0 -1.3916 -0.531222 -0.0783504 0.609573 1.3916 0 -1.3916 -0.263893 -0.58239 0.846283 1.3916 
159 0 0.0160563 0.33671 -0.777757 -0.441046 0.0160563 0 0.0156363 -0.495772 0.747281 0.251508 0.0156363 0 -1.50114 -0.633363 0.0388331 0.59453 1.50114 0 -1.50114 -0.353941 -0.496929 0.85087 1.50114 
160 0 0.000462743 0.329794 -0.776662 -0.446868 0.000462743 0 4.2629e-05 -0.491714 0.751718 0.260004 4.2629e-05 0 -1.61926 -0.753117 0.185526 0.567591 1.61926 0 -1.61926 -0.460755 -0.385922 0.846677 1.61926 
161 0 -0.0151336 0.322202 -0.77418 -0.451978 -0.0151336 0 -0.0155492 -0.486901 0.754721 0.267821 -0.0155492 0 -1.50084 -0.763579 0.306066 0.457513 1.50084 0 -1.50084 -0.499463 -0.220655 0.720118 1.50084 
162 0 -0.029583 0.314557 -0.770629 -0.456073 -0.029583 0 -0.0299938 -0.481772 0.756238 0.274466 -0.0299938 0 -1.391 -0.764447 0.400135 0.364312 1.391 0 -1.391 -0.524505 -0.0876306 0.612136 1.391 
163 0 -0.0429637 0.306944 -0.766253 -0.459308 -0.0429637 0 -0.0433697 -0.476451 0.756561 0.28011 -0.0433697 0 -1.2891 -0.75782 0.472333 0.285487 1.2891 0 -1.2891 -0.538756 0.0189328 0.519823 1.2891 
164 0 -0.0553504 0.299433 -0.76125 -0.461817 -0.0553504 0 -0.0557515 -0.471036 0.755933 0.284897 -0.0557515 0 -1.19456 -0.745365 0.526416 0.218949 1.19456 0 -1.19456 -0.544482 0.103668 0.440814 1.19456 
165 0 -0.0668135 0.292074 -0.755788 -0.463714 -0.0668135 0 -0.0672096 -0.465601 0.754552 0.28895 -0.0672096 0 -1.10685 -0.728421 0.56548 0.162942 1.10685 0 -1.10685 -0.543492 0.170331 0.373161 1.10685 
166 0 -0.0774189 0.284907 -0.750004 -0.465097 -0.0774189 0 -0.07781 -0.460208 0.752584 0.292376 -0.07781 0 -1.02545 -0.708067 0.592092 0.115976 1.02545 0 -1.02545 -0.537237 0.221997 0.315239 1.02545 
