0 0.037 -0 0.0369386 0 0
0 0.0370002 -0 0.0369386 0 0
0 0.0370007 -0 0.0369386 0 0
0 0.0370016 -0 0.0369386 0 0
0 0.0370028 -0 0.0369386 0 0
0 0.0370044 -0 0.0369386 0 0
0 0.0370064 -0 0.0369386 0 0
0 0.0370088 -0 0.0369386 0 0
0 0.0370116 -0 0.0369386 0 0
0 0.0370147 -0 0.0369386 0 0
0 0.0370184 -0 0.0369386 0 0
0 0.0370224 -0 0.0369386 0 0
0 0.037027 -0 0.0369386 0 0
0 0.0370321 -0 0.0369386 0 0
0 0.0370377 -0 0.0369386 0 0
0 0.0370438 -0 0.0369386 0 0
0 0.0370506 -0 0.0369386 0 0
0 0.037058 -0 0.0369386 0 0
0 0.0370661 -0 0.0369386 0 0
0 0.0370749 -0 0.0369386 0 0
0 0.0370845 -0 0.0369386 0 0
0 0.0370949 -0 0.0369386 0 0
0 0.0371062 -0 0.0369386 0 0
0 0.0371185 -0 0.0369386 0 0
0 0.0371318 -0 0.0369386 0 0
0 0.0371462 -0 0.0369386 0 0
0 0.0371618 -0 0.0369386 0 0
0 0.0371786 -0 0.0369386 0 0
0 0.0371969 -0 0.0369386 0 0
0 0.0372166 -0 0.0369386 0 0
0 0.0372379 -0 0.0369386 0 0
0 0.0372609 -0 0.0369386 0 0
0 0.0372857 -0 0.0369386 0 0
0 0.0373125 -0 0.0369386 0 0
0 0.0373415 -0 0.0369386 0 0
0 0.0373727 -0 0.0369386 0 0
0 0.0374065 -0 0.0369386 0 0
0 0.0374429 -0 0.0369386 0 0
0 0.0374822 -0 0.0369386 0 0
0 0.0375246 -0 0.0369386 0 0
0 0.0375703 -0 0.0369386 0 0
0 0.0376197 -0 0.0369386 0 0
0 0.0376729 -0 0.0369386 0 0
0 0.0377303 -0 0.0369386 0 0
0 0.0377923 -0 0.0369386 0 0
0 0.0378591 -0 0.0369386 0 0
0 0.0379312 -0 0.0369386 0 0
0 0.038009 -0 0.0369386 0 0
0 0.0380928 -0 0.0369386 0 0
0 0.0381833 -0 0.0369386 0 0
0 0.0382809 -0 0.0369386 0 0
0 0.0383861 -0 0.0369386 0 0
0 0.0384996 -0 0.0369386 0 0
0 0.038622 -0 0.0369386 0 0
0 0.0387541 -0 0.0369386 0 0
0 0.0388965 -0 0.0369386 0 0
0 0.03905 -0 0.0369386 0 0
0 0.0392157 -0 0.0369386 0 0
0 0.0393943 -0 0.0369386 0 0
0 0.039587 -0 0.0369386 0 0
0 0.0397948 -0 0.0369386 0 0
0 0.0400189 -0 0.0369386 0 0
0 0.0402606 -0 0.0369386 0 0
0 0.0405212 -0 0.0369386 0 0
0 0.0408023 -0 0.0369386 0 0
0 0.0411055 -0 0.0369386 0 0
0 0.0414325 -0 0.0369386 0 0
0 0.0417852 -0 0.0369386 0 0
0 0.0421655 -0 0.0369386 0 0
0 0.0425757 -0 0.0369386 0 0
0 0.0430181 -0 0.0369386 0 0
0 0.0434952 -0 0.0369386 0 0
0 0.0440097 -0 0.0369386 0 0
0 0.0445646 -0 0.0369386 0 0
0 0.0451631 -0 0.0369386 0 0
0 0.0458085 -0 0.0369386 0 0
0 0.0465046 -0 0.0369386 0 0
0 0.0472554 -0 0.0369386 0 0
0 0.048065 -0 0.0369386 0 0
0 0.0489382 -0 0.0369386 0 0
0 0.0498799 -7.14827e-05 0.0630143 0 0.037
2.04122e-07 0.0508211 -7.14827e-05 0.0630143 0 0.037
8.17637e-07 0.0516926 -7.14827e-05 0.0630143 0 0.037
1.84406e-06 0.0524995 -7.14827e-05 0.0630143 0 0.037
3.28926e-06 0.0532463 -7.14827e-05 0.0630143 0 0.037
5.16147e-06 0.0539374 -7.14827e-05 0.0630143 0 0.037
7.4714e-06 0.0545766 -7.14827e-05 0.0630143 0 0.037
1.02322e-05 0.0551676 -7.14827e-05 0.0630143 0 0.037
1.34597e-05 0.0557138 -7.14827e-05 0.0630143 0 0.037
1.71724e-05 0.0562183 -7.14827e-05 0.0630143 0 0.037
2.13913e-05 0.056684 -7.14827e-05 0.0630143 0 0.037
2.61406e-05 0.0571135 -7.14827e-05 0.0630143 0 0.037
3.14474e-05 0.0575094 -7.14827e-05 0.0630143 0 0.037
3.73421e-05 0.0578738 -7.14827e-05 0.0630143 0 0.037
4.38583e-05 0.0582089 -7.14827e-05 0.0630143 0 0.037
5.10332e-05 0.0585165 -7.14827e-05 0.0630143 0 0.037
5.89077e-05 0.0587984 -7.14827e-05 0.0630143 0 0.037
6.7527e-05 0.0590562 -7.14827e-05 0.0630143 0 0.037
7.69401e-05 0.0592915 -7.14827e-05 0.0630143 0 0.037
8.72009e-05 0.0595054 -7.14827e-05 0.0630143 0 0.037
9.83679e-05 0.0596994 -7.14827e-05 0.0630143 0 0.037
0.000110505 0.0598744 -7.14827e-05 0.0630143 0 0.037
0.000123681 0.0600315 -7.14827e-05 0.0630143 0 0.037
0.000137972 0.0601715 -7.14827e-05 0.0630143 0 0.037
0.000153459 0.0602953 -7.14827e-05 0.0630143 0 0.037
0.000170231 0.0604036 -7.14827e-05 0.0630143 0 0.037
0.000188383 0.060497 -7.14827e-05 0.0630143 0 0.037
0.000208019 0.060576 -7.14827e-05 0.0630143 0 0.037
0.000229252 0.0606411 -7.14827e-05 0.0630143 0 0.037
0.000252202 0.0606926 -7.14827e-05 0.0630143 0 0.037
0.000277 0.0607308 -7.14827e-05 0.0630143 0 0.037
0.000303789 0.0607561 -7.14827e-05 0.0630143 0 0.037
0.000332721 0.0607684 -7.14827e-05 0.0630143 0 0.037
0.000363961 0.0607679 -7.14827e-05 0.0630143 0 0.037
0.000397688 0.0607545 -7.14827e-05 0.0630143 0 0.037
0.000434095 0.0607283 -7.14827e-05 0.0630143 0 0.037
0.000473388 0.060689 -7.14827e-05 0.0630143 0 0.037
0.000515794 0.0606364 -7.14827e-05 0.0630143 0 0.037
0.000561553 0.0605703 -7.14827e-05 0.0630143 0 0.037
0.000610928 0.0604902 -7.14827e-05 0.0630143 0 0.037
0.0006642 0.0603956 -7.14827e-05 0.0630143 0 0.037
0.000721673 0.0602862 -7.14827e-05 0.0630143 0 0.037
0.000783677 0.0601611 -7.14827e-05 0.0630143 0 0.037
0.000850564 0.0600197 -7.14827e-05 0.0630143 0 0.037
0.000922716 0.0598613 -7.14827e-05 0.0630143 0 0.037
0.00100055 0.0596848 -7.14827e-05 0.0630143 0 0.037
0.0010845 0.0594894 -7.14827e-05 0.0630143 0 0.037
0.00117505 0.0592737 -7.14827e-05 0.0630143 0 0.037
0.00127273 0.0590368 -7.14827e-05 0.0630143 0 0.037
0.00137808 0.0587771 -7.14827e-05 0.0630143 0 0.037
0.00149171 0.0584932 -7.14827e-05 0.0630143 0 0.037
0.00161426 0.0581835 -7.14827e-05 0.0630143 0 0.037
0.00174645 0.0578462 -7.14827e-05 0.0630143 0 0.037
0.00188901 0.0574794 -7.14827e-05 0.0630143 0 0.037
0.00204277 0.057081 -7.14827e-05 0.0630143 0 0.037
0.00220861 0.0566487 -7.14827e-05 0.0630143 0 0.037
0.00238747 0.05618 -7.14827e-05 0.0630143 0 0.037
0.00258037 0.0556723 -7.14827e-05 0.0630143 0 0.037
0.00278841 0.0551228 -7.14827e-05 0.0630143 0 0.037
0.00301279 0.0545281 -7.14827e-05 0.0630143 0 0.037
0.00325478 0.0538849 -7.14827e-05 0.0630143 0 0.037
0.00351577 0.0531897 -7.14827e-05 0.0630143 0 0.037
0.00379725 0.0524383 -7.14827e-05 0.0630143 0 0.037
0.00410082 0.0516265 -7.14827e-05 0.0630143 0 0.037
0.00442821 0.0507497 -7.14827e-05 0.0630143 0 0.037
0.00478131 0.0498028 -7.14827e-05 0.0630143 0 0.037
0.00516212 0.0487804 -7.14827e-05 0.0630143 0 0.037
0.00557282 0.0476769 -7.14827e-05 0.0630143 0 0.037
0.00601575 0.0464858 -7.14827e-05 0.0630143 0 0.037
0.00649345 0.0452 -7.14827e-05 0.0630143 0 0.037
0.00700864 0.0438128 -7.14827e-05 0.0630143 0 0.037
0.00756426 0.0423158 -7.14827e-05 0.0630143 0 0.037
0.00816349 0.0407007 -7.14827e-05 0.0630143 0 0.037
0.00880975 0.0389579 -7.14827e-05 0.0630143 0 0.037
0.00950673 0.0370781 -7.14827e-05 0.0630143 0 0.037
0.0102584 0.03505 -7.14827e-05 0.0630143 0 0.037
0.0110691 0.0328621 -7.14827e-05 0.0630143 0 0.037
0.0119434 0.0305022 -7.14827e-05 0.0630143 0 0.037
0.0128863 0.0279564 -7.14827e-05 0.0630143 0 0.037
0.0139032 0.0252103 -7.14827e-05 0.0630143 0 0.037
0.0149999 0.0222484 0.0300714 -0.0186175 0.03 -0.037
0.0160967 0.0192869 0.0300714 -0.0186175 0.03 -0.037
0.0171136 0.0165418 0.0300714 -0.0186175 0.03 -0.037
0.0180565 0.0139975 0.0300714 -0.0186175 0.03 -0.037
0.0189308 0.0116395 0.0300714 -0.0186175 0.03 -0.037
0.0197415 0.00945434 0.0300714 -0.0186175 0.03 -0.037
0.0204932 0.00742946 0.0300714 -0.0186175 0.03 -0.037
0.0211901 0.00555333 0.0300714 -0.0186175 0.03 -0.037
0.0218364 0.00381524 0.0300714 -0.0186175 0.03 -0.037
0.0224356 0.00220527 0.0300714 -0.0186175 0.03 -0.037
0.0229913 0.000714202 0.0300714 -0.0186175 0.03 -0.037
0.0235064 -0.000666453 0.0300714 -0.0186175 0.03 -0.037
0.0239841 -0.00194458 0.0300714 -0.0186175 0.03 -0.037
0.0244271 -0.00312751 0.0300714 -0.0186175 0.03 -0.037
0.0248378 -0.00422197 0.0300714 -0.0186175 0.03 -0.037
0.0252186 -0.00523421 0.0300714 -0.0186175 0.03 -0.037
0.0255717 -0.00617002 0.0300714 -0.0186175 0.03 -0.037
0.0258991 -0.00703474 0.0300714 -0.0186175 0.03 -0.037
0.0262026 -0.00783332 0.0300714 -0.0186175 0.03 -0.037
0.0264841 -0.0085703 0.0300714 -0.0186175 0.03 -0.037
0.0267451 -0.00924991 0.0300714 -0.0186175 0.03 -0.037
0.0269871 -0.00987601 0.0300714 -0.0186175 0.03 -0.037
0.0272115 -0.0104522 0.0300714 -0.0186175 0.03 -0.037
0.0274195 -0.0109817 0.0300714 -0.0186175 0.03 -0.037
0.0276124 -0.0114677 0.0300714 -0.0186175 0.03 -0.037
0.0277913 -0.0119128 0.0300714 -0.0186175 0.03 -0.037
0.0279571 -0.0123196 0.0300714 -0.0186175 0.03 -0.037
0.0281109 -0.0126905 0.0300714 -0.0186175 0.03 -0.037
0.0282534 -0.0130275 0.0300714 -0.0186175 0.03 -0.037
0.0283856 -0.0133326 0.0300714 -0.0186175 0.03 -0.037
0.0285082 -0.0136075 0.0300714 -0.0186175 0.03 -0.037
0.0286218 -0.0138538 0.0300714 -0.0186175 0.03 -0.037
0.0287272 -0.0140728 0.0300714 -0.0186175 0.03 -0.037
0.0288248 -0.0142659 0.0300714 -0.0186175 0.03 -0.037
0.0289154 -0.0144342 0.0300714 -0.0186175 0.03 -0.037
0.0289993 -0.0145786 0.0300714 -0.0186175 0.03 -0.037
0.0290772 -0.0146999 0.0300714 -0.0186175 0.03 -0.037
0.0291493 -0.0147988 0.0300714 -0.0186175 0.03 -0.037
0.0292162 -0.014876 0.0300714 -0.0186175 0.03 -0.037
0.0292782 -0.0149318 0.0300714 -0.0186175 0.03 -0.037
0.0293357 -0.0149664 0.0300714 -0.0186175 0.03 -0.037
0.029389 -0.0149803 0.0300714 -0.0186175 0.03 -0.037
0.0294383 -0.0149734 0.0300714 -0.0186175 0.03 -0.037
0.0294841 -0.0149457 0.0300714 -0.0186175 0.03 -0.037
0.0295265 -0.014897 0.0300714 -0.0186175 0.03 -0.037
0.0295658 -0.0148271 0.0300714 -0.0186175 0.03 -0.037
0.0296022 -0.0147355 0.0300714 -0.0186175 0.03 -0.037
0.0296359 -0.0146216 0.0300714 -0.0186175 0.03 -0.037
0.0296672 -0.0144852 0.0300714 -0.0186175 0.03 -0.037
0.0296961 -0.0143249 0.0300714 -0.0186175 0.03 -0.037
0.0297229 -0.0141403 0.0300714 -0.0186175 0.03 -0.037
0.0297477 -0.0139299 0.0300714 -0.0186175 0.03 -0.037
0.0297706 -0.013693 0.0300714 -0.0186175 0.03 -0.037
0.0297919 -0.0134278 0.0300714 -0.0186175 0.03 -0.037
0.0298115 -0.013133 0.0300714 -0.0186175 0.03 -0.037
0.0298297 -0.0128069 0.0300714 -0.0186175 0.03 -0.037
0.0298464 -0.0124475 0.0300714 -0.0186175 0.03 -0.037
0.0298618 -0.0120529 0.0300714 -0.0186175 0.03 -0.037
0.0298762 -0.0116212 0.0300714 -0.0186175 0.03 -0.037
0.0298894 -0.0111491 0.0300714 -0.0186175 0.03 -0.037
0.0299015 -0.0106343 0.0300714 -0.0186175 0.03 -0.037
0.0299128 -0.0100744 0.0300714 -0.0186175 0.03 -0.037
0.029923 -0.0094652 0.0300714 -0.0186175 0.03 -0.037
0.0299324 -0.00880387 0.0300714 -0.0186175 0.03 -0.037
0.029941 -0.00808663 0.0300714 -0.0186175 0.03 -0.037
0.0299488 -0.00730892 0.0300714 -0.0186175 0.03 -0.037
0.0299559 -0.00646679 0.0300714 -0.0186175 0.03 -0.037
0.0299626 -0.00555561 0.0300714 -0.0186175 0.03 -0.037
0.0299685 -0.00456975 0.0300714 -0.0186175 0.03 -0.037
0.0299736 -0.00350286 0.0300714 -0.0186175 0.03 -0.037
0.0299785 -0.00235061 0.0300714 -0.0186175 0.03 -0.037
0.0299827 -0.00110507 0.0300714 -0.0186175 0.03 -0.037
0.0299865 0.000240002 0.0300714 -0.0186175 0.03 -0.037
0.0299896 0.00169363 0.0300714 -0.0186175 0.03 -0.037
0.0299926 0.00326233 0.0300714 -0.0186175 0.03 -0.037
0.0299949 0.00495635 0.0300714 -0.0186175 0.03 -0.037
0.0299967 0.00678544 0.0300714 -0.0186175 0.03 -0.037
0.0299983 0.00875886 0.0300714 -0.0186175 0.03 -0.037
0.0299993 0.0108892 0.0300714 -0.0186175 0.03 -0.037
0.0299996 0.0131886 0.0300714 -0.0186175 0.03 -0.037
0.0299998 0.0156691 0.0299999 0.0499458 0.03 0.037
0.0299998 0.0181495 0.0299999 0.0499458 0.03 0.037
0.0299998 0.0204483 0.0299999 0.0499458 0.03 0.037
0.0299998 0.0225786 0.0299999 0.0499458 0.03 0.037
0.0299998 0.0245526 0.0299999 0.0499458 0.03 0.037
0.0299998 0.0263816 0.0299999 0.0499458 0.03 0.037
0.0299998 0.028076 0.0299999 0.0499458 0.03 0.037
0.0299998 0.0296456 0.0299999 0.0499458 0.03 0.037
0.0299998 0.0310992 0.0299999 0.0499458 0.03 0.037
0.0299998 0.0324451 0.0299999 0.0499458 0.03 0.037
0.0299999 0.0336911 0.0299999 0.0499458 0.03 0.037
0.0299999 0.0348443 0.0299999 0.0499458 0.03 0.037
0.0299999 0.0359113 0.0299999 0.0499458 0.03 0.037
0.0299999 0.0368981 0.0299999 0.0499458 0.03 0.037
0.0299999 0.0378104 0.0299999 0.0499458 0.03 0.037
0.0299999 0.0386533 0.0299999 0.0499458 0.03 0.037
0.0299999 0.0394318 0.0299999 0.0499458 0.03 0.037
0.0299999 0.0401503 0.0299999 0.0499458 0.03 0.037
0.0299999 0.0408128 0.0299999 0.0499458 0.03 0.037
0.0299999 0.0414231 0.0299999 0.0499458 0.03 0.037
0.0299999 0.0419848 0.0299999 0.0499458 0.03 0.037
0.0299999 0.042501 0.0299999 0.0499458 0.03 0.037
0.0299999 0.0429747 0.0299999 0.0499458 0.03 0.037
0.0299999 0.0434085 0.0299999 0.0499458 0.03 0.037
0.0299999 0.0438051 0.0299999 0.0499458 0.03 0.037
0.0299999 0.0441666 0.0299999 0.0499458 0.03 0.037
0.0299999 0.044495 0.0299999 0.0499458 0.03 0.037
0.0299999 0.0447924 0.0299999 0.0499458 0.03 0.037
0.0299999 0.0450603 0.0299999 0.0499458 0.03 0.037
0.0299999 0.0453003 0.0299999 0.0499458 0.03 0.037
0.0299999 0.0455137 0.0299999 0.0499458 0.03 0.037
0.0299999 0.0457019 0.0299999 0.0499458 0.03 0.037
0.0299999 0.0458658 0.0299999 0.0499458 0.03 0.037
0.0299999 0.0460065 0.0299999 0.0499458 0.03 0.037
0.0299999 0.0461246 0.0299999 0.0499458 0.03 0.037
0.0299999 0.0462209 0.0299999 0.0499458 0.03 0.037
0.0299999 0.0462959 0.0299999 0.0499458 0.03 0.037
0.0299999 0.0463501 0.0299999 0.0499458 0.03 0.037
0.0299999 0.0463838 0.0299999 0.0499458 0.03 0.037
0.0299999 0.0463971 0.0299999 0.0499458 0.03 0.037
0.0299999 0.0463901 0.0299999 0.0499458 0.03 0.037
0.0299999 0.0463628 0.0299999 0.0499458 0.03 0.037
0.0299999 0.0463151 0.0299999 0.0499458 0.03 0.037
0.0299999 0.0462466 0.0299999 0.0499458 0.03 0.037
0.0299999 0.0461571 0.0299999 0.0499458 0.03 0.037
0.0299999 0.0460459 0.0299999 0.0499458 0.03 0.037
0.0299999 0.0459124 0.0299999 0.0499458 0.03 0.037
0.0299999 0.0457558 0.0299999 0.0499458 0.03 0.037
0.0299999 0.0455754 0.0299999 0.0499458 0.03 0.037
0.0299999 0.0453699 0.0299999 0.0499458 0.03 0.037
0.0299999 0.0451384 0.0299999 0.0499458 0.03 0.037
0.0299999 0.0448794 0.0299999 0.0499458 0.03 0.037
0.0299999 0.0445915 0.0299999 0.0499458 0.03 0.037
0.0299999 0.044273 0.0299999 0.0499458 0.03 0.037
0.0299999 0.0439221 0.0299999 0.0499458 0.03 0.037
0.0299999 0.0435368 0.0299999 0.0499458 0.03 0.037
0.0299999 0.0431148 0.0299999 0.0499458 0.03 0.037
0.0299999 0.0426538 0.0299999 0.0499458 0.03 0.037
0.0299999 0.0421515 0.0299999 0.0499458 0.03 0.037
0.0299999 0.0416043 0.0299999 0.0499458 0.03 0.037
0.0299999 0.0410095 0.0299999 0.0499458 0.03 0.037
0.0299999 0.040364 0.0299999 0.0499458 0.03 0.037
0.0299999 0.0396634 0.0299999 0.0499458 0.03 0.037
0.0299999 0.0389041 0.0299999 0.0499458 0.03 0.037
0.0299999 0.038082 0.0299999 0.0499458 0.03 0.037
0.0299999 0.0371918 0.0299999 0.0499458 0.03 0.037
0.0299999 0.0362288 0.0299999 0.0499458 0.03 0.037
0.0299999 0.0351879 0.0299999 0.0499458 0.03 0.037
0.0299999 0.0340626 0.0299999 0.0499458 0.03 0.037
0.0299999 0.0328459 0.0299999 0.0499458 0.03 0.037
0.0299999 0.0315323 0.0299999 0.0499458 0.03 0.037
0.0299999 0.0301133 0.0299999 0.0499458 0.03 0.037
0.0299999 0.0285814 0.0299999 0.0499458 0.03 0.037
0.0299999 0.0269268 0.0299999 0.0499458 0.03 0.037
0.0299999 0.0251415 0.0299999 0.0499458 0.03 0.037
0.0299999 0.0232142 0.0299999 0.0499458 0.03 0.037
0.0299999 0.0211339 0.0299999 0.0499458 0.03 0.037
0.0299999 0.0188897 0.0299999 0.0499458 0.03 0.037
0.0299999 0.0164677 0.0299999 0.0499458 0.03 0.037
0.0299999 0.0138539 0.0299999 0.0499458 0.03 0.037
0.0299999 0.0110346 0.0299999 -0.0278825 0.03 -0.037
0.0299999 0.00821535 0.0299999 -0.0278825 0.03 -0.037
0.0299999 0.00560227 0.0299999 -0.0278825 0.03 -0.037
0.0299999 0.00318044 0.0299999 -0.0278825 0.03 -0.037
0.0299999 0.000936002 0.0299999 -0.0278825 0.03 -0.037
0.0299999 -0.00114385 0.0299999 -0.0278825 0.03 -0.037
0.0299999 -0.00307101 0.0299999 -0.0278825 0.03 -0.037
0.0299999 -0.00485645 0.0299999 -0.0278825 0.03 -0.037
0.0299999 -0.00651041 0.0299999 -0.0278825 0.03 -0.037
0.0299999 -0.0080423 0.0299999 -0.0278825 0.03 -0.037
0.0299999 -0.00946089 0.0299999 -0.0278825 0.03 -0.037
0.0299999 -0.0107743 0.0299999 -0.0278825 0.03 -0.037
0.0299999 -0.0119899 0.0299999 -0.0278825 0.03 -0.037
0.0299999 -0.0131149 0.0299999 -0.0278825 0.03 -0.037
0.0299999 -0.0141554 0.0299999 -0.0278825 0.03 -0.037
0.0299999 -0.0151176 0.0299999 -0.0278825 0.03 -0.037
0.0299999 -0.0160069 0.0299999 -0.0278825 0.03 -0.037
0.0299999 -0.0168284 0.0299999 -0.0278825 0.03 -0.037
0.0299999 -0.0175867 0.0299999 -0.0278825 0.03 -0.037
0.0299999 -0.0182862 0.0299999 -0.0278825 0.03 -0.037
0.0299999 -0.0189309 0.0299999 -0.0278825 0.03 -0.037
0.0299999 -0.0195245 0.0299999 -0.0278825 0.03 -0.037
0.0299999 -0.0200704 0.0299999 -0.0278825 0.03 -0.037
0.0299999 -0.0205717 0.0299999 -0.0278825 0.03 -0.037
0.0299999 -0.0210312 0.0299999 -0.0278825 0.03 -0.037
0.0299999 -0.0214515 0.0299999 -0.0278825 0.03 -0.037
0.0299999 -0.0218352 0.0299999 -0.0278825 0.03 -0.037
0.0299999 -0.0221843 0.0299999 -0.0278825 0.03 -0.037
0.0299999 -0.0225009 0.0299999 -0.0278825 0.03 -0.037
0.0299999 -0.0227867 0.0299999 -0.0278825 0.03 -0.037
0.0299999 -0.0230434 0.0299999 -0.0278825 0.03 -0.037
0.0299999 -0.0232725 0.0299999 -0.0278825 0.03 -0.037
0.0299999 -0.0234753 0.0299999 -0.0278825 0.03 -0.037
0.0299999 -0.0236529 0.0299999 -0.0278825 0.03 -0.037
0.0299999 -0.0238063 0.0299999 -0.0278825 0.03 -0.037
0.0299999 -0.0239365 0.0299999 -0.0278825 0.03 -0.037
0.0299999 -0.0240441 0.0299999 -0.0278825 0.03 -0.037
0.0299999 -0.0241298 0.0299999 -0.0278825 0.03 -0.037
0.0299999 -0.0241941 0.0299999 -0.0278825 0.03 -0.037
0.0299999 -0.0242373 0.0299999 -0.0278825 0.03 -0.037
0.0299999 -0.0242597 0.0299999 -0.0278825 0.03 -0.037
0.0299999 -0.0242614 0.0299999 -0.0278825 0.03 -0.037
0.0299999 -0.0242424 0.0299999 -0.0278825 0.03 -0.037
0.0299999 -0.0242026 0.0299999 -0.0278825 0.03 -0.037
0.0299999 -0.0241419 0.0299999 -0.0278825 0.03 -0.037
0.0299999 -0.0240597 0.0299999 -0.0278825 0.03 -0.037
0.0299999 -0.0239558 0.0299999 -0.0278825 0.03 -0.037
0.0299999 -0.0238293 0.0299999 -0.0278825 0.03 -0.037
0.0299999 -0.0236798 0.0299999 -0.0278825 0.03 -0.037
0.0299999 -0.0235061 0.0299999 -0.0278825 0.03 -0.037
0.0299999 -0.0233077 0.0299999 -0.0278825 0.03 -0.037
0.0299999 -0.0230829 0.0299999 -0.0278825 0.03 -0.037
0.0299999 -0.0228309 0.0299999 -0.0278825 0.03 -0.037
0.0299999 -0.0225499 0.0299999 -0.0278825 0.03 -0.037
0.0299999 -0.0222386 0.0299999 -0.0278825 0.03 -0.037
0.0299999 -0.021895 0.0299999 -0.0278825 0.03 -0.037
0.0299999 -0.021517 0.0299999 -0.0278825 0.03 -0.037
0.0299999 -0.0211028 0.0299999 -0.0278825 0.03 -0.037
0.0299999 -0.0206502 0.0299999 -0.0278825 0.03 -0.037
0.0299999 -0.0201559 0.0299999 -0.0278825 0.03 -0.037
0.0299999 -0.0196174 0.0299999 -0.0278825 0.03 -0.037
0.0299999 -0.0190322 0.0299999 -0.0278825 0.03 -0.037
0.0299999 -0.018396 0.0299999 -0.0278825 0.03 -0.037
0.0299999 -0.0177057 0.0299999 -0.0278825 0.03 -0.037
0.0299999 -0.0169575 0.0299999 -0.0278825 0.03 -0.037
0.0299999 -0.0161465 0.0299999 -0.0278825 0.03 -0.037
0.0299999 -0.0152686 0.0299999 -0.0278825 0.03 -0.037
0.0299999 -0.0143191 0.0299999 -0.0278825 0.03 -0.037
0.0299999 -0.013292 0.0299999 -0.0278825 0.03 -0.037
0.0299999 -0.0121808 0.0299999 -0.0278825 0.03 -0.037
0.0299999 -0.0109808 0.0299999 -0.0278825 0.03 -0.037
0.0299999 -0.00968397 0.0299999 -0.0278825 0.03 -0.037
0.0299999 -0.00828365 0.0299999 -0.0278825 0.03 -0.037
0.0299999 -0.00677058 0.0299999 -0.0278825 0.03 -0.037
0.0299999 -0.00513782 0.0299999 -0.0278825 0.03 -0.037
0.0299999 -0.00337482 0.0299999 -0.0278825 0.03 -0.037
0.03 -0.00147143 0.0299999 -0.0278825 0.03 -0.037
0.03 0.000582072 0.0299999 -0.0278825 0.03 -0.037
0.03 0.00279867 0.0299999 -0.0278825 0.03 -0.037
0.03 0.00519106 0.0299999 -0.0278825 0.03 -0.037
0.03 0.00777176 0.0300714 0.0433333 0.03 0.037
0.0299997 0.0103526 0.0300714 0.0433333 0.03 0.037
0.0299991 0.0127451 0.0300714 0.0433333 0.03 0.037
0.0299981 0.0149629 0.0300714 0.0433333 0.03 0.037
0.0299967 0.0170186 0.0300714 0.0433333 0.03 0.037
0.0299948 0.0189241 0.0300714 0.0433333 0.03 0.037
0.0299925 0.0206902 0.0300714 0.0433333 0.03 0.037
0.0299897 0.022327 0.0300714 0.0433333 0.03 0.037
0.0299865 0.0238438 0.0300714 0.0433333 0.03 0.037
0.0299828 0.0252492 0.0300714 0.0433333 0.03 0.037
0.0299786 0.0265515 0.0300714 0.0433333 0.03 0.037
0.0299738 0.0277578 0.0300714 0.0433333 0.03 0.037
0.0299685 0.0288753 0.0300714 0.0433333 0.03 0.037
0.0299626 0.0299101 0.0300714 0.0433333 0.03 0.037
0.0299561 0.0308683 0.0300714 0.0433333 0.03 0.037
0.0299489 0.0317553 0.0300714 0.0433333 0.03 0.037
0.0299411 0.0325762 0.0300714 0.0433333 0.03 0.037
0.0299324 0.0333357 0.0300714 0.0433333 0.03 0.037
0.029923 0.034038 0.0300714 0.0433333 0.03 0.037
0.0299128 0.0346873 0.0300714 0.0433333 0.03 0.037
0.0299016 0.0352872 0.0300714 0.0433333 0.03 0.037
0.0298895 0.0358411 0.0300714 0.0433333 0.03 0.037
0.0298763 0.0363523 0.0300714 0.0433333 0.03 0.037
0.029862 0.0368236 0.0300714 0.0433333 0.03 0.037
0.0298465 0.0372577 0.0300714 0.0433333 0.03 0.037
0.0298297 0.0376571 0.0300714 0.0433333 0.03 0.037
0.0298116 0.0380241 0.0300714 0.0433333 0.03 0.037
0.0297919 0.0383607 0.0300714 0.0433333 0.03 0.037
0.0297707 0.038669 0.0300714 0.0433333 0.03 0.037
0.0297478 0.0389507 0.0300714 0.0433333 0.03 0.037
0.029723 0.0392073 0.0300714 0.0433333 0.03 0.037
0.0296962 0.0394403 0.0300714 0.0433333 0.03 0.037
0.0296672 0.0396511 0.0300714 0.0433333 0.03 0.037
0.029636 0.0398409 0.0300714 0.0433333 0.03 0.037
0.0296023 0.0400107 0.0300714 0.0433333 0.03 0.037
0.0295659 0.0401616 0.0300714 0.0433333 0.03 0.037
0.0295266 0.0402943 0.0300714 0.0433333 0.03 0.037
0.0294842 0.0404097 0.0300714 0.0433333 0.03 0.037
0.0294384 0.0405084 0.0300714 0.0433333 0.03 0.037
0.029389 0.040591 0.0300714 0.0433333 0.03 0.037
0.0293358 0.0406578 0.0300714 0.0433333 0.03 0.037
0.0292783 0.0407095 0.0300714 0.0433333 0.03 0.037
0.0292163 0.0407461 0.0300714 0.0433333 0.03 0.037
0.0291494 0.0407679 0.0300714 0.0433333 0.03 0.037
0.0290772 0.0407752 0.0300714 0.0433333 0.03 0.037
0.0289994 0.0407678 0.0300714 0.0433333 0.03 0.037
0.0289155 0.0407458 0.0300714 0.0433333 0.03 0.037
0.0288249 0.0407088 0.0300714 0.0433333 0.03 0.037
0.0287272 0.0406571 0.0300714 0.0433333 0.03 0.037
0.0286219 0.0405899 0.0300714 0.0433333 0.03 0.037
0.0285083 0.0405072 0.0300714 0.0433333 0.03 0.037
0.0283857 0.0404082 0.0300714 0.0433333 0.03 0.037
0.0282535 0.0402926 0.0300714 0.0433333 0.03 0.037
0.0281109 0.0401596 0.0300714 0.0433333 0.03 0.037
0.0279572 0.0400085 0.0300714 0.0433333 0.03 0.037
0.0277914 0.0398385 0.0300714 0.0433333 0.03 0.037
0.0276125 0.0396483 0.0300714 0.0433333 0.03 0.037
0.0274196 0.0394372 0.0300714 0.0433333 0.03 0.037
0.0272115 0.0392041 0.0300714 0.0433333 0.03 0.037
0.0269872 0.0389471 0.0300714 0.0433333 0.03 0.037
0.0267452 0.0386649 0.0300714 0.0433333 0.03 0.037
0.0264842 0.0383566 0.0300714 0.0433333 0.03 0.037
0.0262027 0.0380194 0.0300714 0.0433333 0.03 0.037
0.0258991 0.0376519 0.0300714 0.0433333 0.03 0.037
0.0255717 0.0372521 0.0300714 0.0433333 0.03 0.037
0.0252187 0.0368173 0.0300714 0.0433333 0.03 0.037
0.0248378 0.0363455 0.0300714 0.0433333 0.03 0.037
0.0244271 0.035834 0.0300714 0.0433333 0.03 0.037
0.0239842 0.0352796 0.0300714 0.0433333 0.03 0.037
0.0235065 0.0346785 0.0300714 0.0433333 0.03 0.037
0.0229913 0.0340289 0.0300714 0.0433333 0.03 0.037
0.0224357 0.0333257 0.0300714 0.0433333 0.03 0.037
0.0218365 0.0325659 0.0300714 0.0433333 0.03 0.037
0.0211902 0.0317438 0.0300714 0.0433333 0.03 0.037
0.0204932 0.0308563 0.0300714 0.0433333 0.03 0.037
0.0197416 0.0298972 0.0300714 0.0433333 0.03 0.037
0.0189309 0.028861 0.0300714 0.0433333 0.03 0.037
0.0180566 0.0277428 0.0300714 0.0433333 0.03 0.037
0.0171137 0.0265351 0.0300714 0.0433333 0.03 0.037
0.0160967 0.0252309 0.0300714 0.0433333 0.03 0.037
0.015 0.0238239 -7.1398e-05 0.00448652 0 0
0.0139033 0.0224165 -7.1398e-05 0.00448652 0 0
0.0128864 0.0211115 -7.1398e-05 0.00448652 0 0
0.0119435 0.0199014 -7.1398e-05 0.00448652 0 0
0.0110692 0.0187794 -7.1398e-05 0.00448652 0 0
0.0102585 0.017739 -7.1398e-05 0.00448652 0 0
0.00950681 0.0167743 -7.1398e-05 0.00448652 0 0
0.00880983 0.0158798 -7.1398e-05 0.00448652 0 0
0.00816356 0.0150503 -7.1398e-05 0.00448652 0 0
0.00756434 0.0142812 -7.1398e-05 0.00448652 0 0
0.00700871 0.013568 -7.1398e-05 0.00448652 0 0
0.00649352 0.0129066 -7.1398e-05 0.00448652 0 0
0.00601583 0.0122934 -7.1398e-05 0.00448652 0 0
0.00557289 0.0117247 -7.1398e-05 0.00448652 0 0
0.00516219 0.0111974 -7.1398e-05 0.00448652 0 0
0.00478139 0.0107084 -7.1398e-05 0.00448652 0 0
0.00442829 0.0102549 -7.1398e-05 0.00448652 0 0
0.00410089 0.0098344 -7.1398e-05 0.00448652 0 0
0.00379732 0.00944441 -7.1398e-05 0.00448652 0 0
0.00351585 0.00908275 -7.1398e-05 0.00448652 0 0
0.00325486 0.00874732 -7.1398e-05 0.00448652 0 0
0.00301287 0.00843624 -7.1398e-05 0.00448652 0 0
0.0027885 0.00814772 -7.1398e-05 0.00448652 0 0
0.00258045 0.00788009 -7.1398e-05 0.00448652 0 0
0.00238755 0.00763185 -7.1398e-05 0.00448652 0 0
0.00220869 0.00740157 -7.1398e-05 0.00448652 0 0
0.00204285 0.00718794 -7.1398e-05 0.00448652 0 0
0.00188909 0.00698974 -7.1398e-05 0.00448652 0 0
0.00174652 0.00680583 -7.1398e-05 0.00448652 0 0
0.00161434 0.00663517 -7.1398e-05 0.00448652 0 0
0.00149178 0.00647677 -7.1398e-05 0.00448652 0 0
0.00137815 0.00632975 -7.1398e-05 0.00448652 0 0
0.00127281 0.00619326 -7.1398e-05 0.00448652 0 0
0.00117513 0.00606651 -7.1398e-05 0.00448652 0 0
0.00108458 0.00594878 -7.1398e-05 0.00448652 0 0
0.00100063 0.00583941 -7.1398e-05 0.00448652 0 0
0.000922799 0.00573777 -7.1398e-05 0.00448652 0 0
0.000850647 0.00564326 -7.1398e-05 0.00448652 0 0
0.000783748 0.00555535 -7.1398e-05 0.00448652 0 0
0.000721744 0.00547356 -7.1398e-05 0.00448652 0 0
0.000664292 0.00539743 -7.1398e-05 0.00448652 0 0
0.000611018 0.00532647 -7.1398e-05 0.00448652 0 0
0.000561636 0.0052603 -7.1398e-05 0.00448652 0 0
0.000515887 0.00519858 -7.1398e-05 0.00448652 0 0
0.00047347 0.00514089 -7.1398e-05 0.00448652 0 0
0.000434172 0.00508695 -7.1398e-05 0.00448652 0 0
0.000397748 0.00503643 -7.1398e-05 0.00448652 0 0
0.000364071 0.00498913 -7.1398e-05 0.00448652 0 0
0.000332797 0.00494459 -7.1398e-05 0.00448652 0 0
0.000303898 0.00490275 -7.1398e-05 0.00448652 0 0
0.000277089 0.00486322 -7.1398e-05 0.00448652 0 0
0.000252313 0.0048259 -7.1398e-05 0.00448652 0 0
0.000229342 0.00479046 -7.1398e-05 0.00448652 0 0
0.00020812 0.0047568 -7.1398e-05 0.00448652 0 0
0.000188477 0.00472466 -7.1398e-05 0.00448652 0 0
0.0001703 0.00469385 -7.1398e-05 0.00448652 0 0
0.000153592 0.00466435 -7.1398e-05 0.00448652 0 0
0.000138124 0.0046358 -7.1398e-05 0.00448652 0 0
0.000123726 0.00460794 -7.1398e-05 0.00448652 0 0
0.000110575 0.00458094 -7.1398e-05 0.00448652 0 0
9.85005e-05 0.00455453 -7.1398e-05 0.00448652 0 0
8.72184e-05 0.00452829 -7.1398e-05 0.00448652 0 0
7.70196e-05 0.0045025 -7.1398e-05 0.00448652 0 0
6.76206e-05 0.00447675 -7.1398e-05 0.00448652 0 0
5.8968e-05 0.00445088 -7.1398e-05 0.00448652 0 0
5.11812e-05 0.00442497 -7.1398e-05 0.00448652 0 0
4.40351e-05 0.00439862 -7.1398e-05 0.00448652 0 0
3.74197e-05 0.00437161 -7.1398e-05 0.00448652 0 0
3.14557e-05 0.00434398 -7.1398e-05 0.00448652 0 0
2.6379e-05 0.00431592 -7.1398e-05 0.00448652 0 0
2.15061e-05 0.00428643 -7.1398e-05 0.00448652 0 0
1.7304e-05 0.00425598 -7.1398e-05 0.00448652 0 0
1.34353e-05 0.00422399 -7.1398e-05 0.00448652 0 0
1.03679e-05 0.00419091 -7.1398e-05 0.00448652 0 0
7.42084e-06 0.00415569 -7.1398e-05 0.00448652 0 0
5.06335e-06 0.00411877 -7.1398e-05 0.00448652 0 0
3.30566e-06 0.00407995 -7.1398e-05 0.00448652 0 0
1.69879e-06 0.00403846 -7.1398e-05 0.00448652 0 0
7.14521e-07 0.00399467 -7.1398e-05 0.00448652 0 0
3.65622e-07 0.00394836 -7.1398e-05 0.00448652 0 0
