unit: [ms]
latency_max
11.075
latency_min
0.467
latency_ave
1.38737
all_latency
11.075
1.42
1.341
1.111
1.02
0.758
0.85
0.784
0.791
1.035
1.462
1.343
1.087
1.321
1.178
1.101
1.177
1.186
1.11
1.109
1.152
1.143
1.142
1.119
1.131
0.871
0.868
0.823
0.596
3.849
4.621
2.476
1.232
0.832
0.647
0.634
0.68
0.654
4.685
4.703
4.887
2.689
1.391
0.884
0.704
0.818
0.704
0.851
0.744
0.847
1.27
0.815
0.777
0.529
0.569
0.571
0.777
0.992
0.897
0.7
0.815
5.036
4.745
4.925
1.672
1.047
0.781
1.703
1.69
1.067
0.79
1.339
0.708
0.662
5.059
4.703
1.788
1.122
0.781
0.742
5.222
4.704
2.511
1.284
0.892
0.776
0.721
0.773
5.003
4.741
2.495
1.288
0.926
1.794
1.075
1.072
1.073
1.082
1.06
1.058
1.076
1.064
1.072
1.038
1.079
0.805
0.809
0.802
0.836
0.872
1.078
1.042
1.101
1.063
1.206
1.017
1.048
1.078
1.029
0.984
1.05
1.035
1.01
1.01
1.047
1.033
1.012
1.139
0.756
0.867
1.282
0.562
0.839
0.563
0.538
0.644
5.552
4.591
4.654
2.746
1.61
1.021
0.745
0.675
0.685
0.656
1.169
4.745
4.612
4.587
2.682
1.179
0.891
0.943
0.583
0.657
0.701
0.663
0.672
0.763
0.884
4.817
4.653
4.522
2.099
1.195
1.284
0.652
0.895
0.689
0.723
0.678
0.674
0.806
1.231
0.804
0.94
0.935
0.921
0.904
1.047
1.111
1.467
1.007
1.108
0.814
0.816
0.913
0.972
0.56
0.714
0.892
1.664
1.179
1.25
1.229
1.273
1.271
1.343
1.182
1.241
1.182
1.197
1.171
1.213
1.221
1.27
1.174
1.264
1.207
1.204
0.867
0.905
0.912
1.052
0.869
1.235
1.219
1.206
1.175
1.179
1.226
1.274
1.177
1.244
1.179
1.18
1.159
1.204
1.258
1.276
1.153
1.24
1.185
1.179
1.816
1.842
1.647
1.813
1.118
1.099
1.111
1.123
1.075
1.103
1.063
1.168
1.063
1.102
1.113
1.098
1.062
1.077
1.087
1.165
1.062
1.159
5.014
0.595
0.752
0.738
0.684
0.79
0.642
0.789
0.606
0.585
0.613
0.745
0.761
1.063
0.969
1.148
0.956
0.978
0.817
0.811
0.713
0.74
0.754
0.853
0.872
0.847
0.935
1.096
1.208
1.117
1.108
1.199
1.141
1.144
0.829
0.873
0.872
0.872
0.846
1.161
1.46
1.118
1.115
1.136
1.102
1.116
1.04
1.3
1.591
1.067
1.034
1.086
1.052
1.074
1.054
1.176
1.095
1.133
1.034
5.188
4.72
3.806
1.618
1.028
0.756
0.674
0.68
0.683
0.662
0.734
0.658
0.779
0.851
0.859
0.903
1.035
1.182
1.175
1.225
1.228
1.201
1.178
1.151
1.217
1.17
1.179
1.172
1.227
0.892
0.908
0.889
0.91
0.876
1.19
1.159
1.19
1.215
1.206
1.184
1.207
1.216
1.184
1.17
1.227
1.197
1.181
1.151
1.194
1.163
1.182
1.17
1.213
1.19
1.177
0.857
0.903
0.887
0.889
0.874
1.297
1.246
1.252
1.213
1.264
1.234
1.249
1.231
1.308
1.385
1.312
1.273
1.382
1.307
1.367
1.236
1.247
1.254
1.247
1.225
1.286
1.312
1.242
1.227
1.294
1.256
1.239
1.215
1.269
1.238
1.245
1.231
1.281
1.319
1.261
1.213
1.256
1.255
1.269
1.225
1.279
1.249
1.247
1.212
1.266
1.29
1.247
1.276
1.266
0.943
0.95
0.872
0.913
0.892
1.186
1.172
1.228
1.203
1.18
1.153
1.288
1.21
1.2
1.175
0.8
4.73
4.75
2.356
1.282
0.854
0.656
0.646
0.832
0.677
0.713
0.606
0.827
0.8
1.484
1.828
2.035
1.447
1.438
1.613
1.478
1.063
1.087
1.03
6.221
8.32
8.533
2.664
1.77
1.346
1.156
2.1
1.513
1.277
1.553
2.015
1.766
1.226
1.371
1.288
1.222
1.016
4.985
4.763
2.923
1.283
0.929
0.891
0.933
0.905
0.942
0.902
0.93
0.99
0.941
0.992
0.931
1.45
1.221
1.163
1.339
1.184
1.208
1.157
1.27
0.911
1.014
0.972
1.209
0.896
1.741
1.485
1.12
1.519
1.27
1.227
1.123
2.685
2.449
1.22
0.859
0.674
0.718
0.726
0.665
0.724
4.867
4.67
4.597
2.844
1.239
0.618
0.489
0.467
0.541
0.519
0.676
0.643
0.723
0.656
0.757
0.89
0.894
0.861
0.901
0.873
1.037
0.999
1.263
1.097
1.127
1.119
1.265
1.275
1.155
1.098
6.548
2.434
1.249
0.833
