unit: [ms]
latency_max
16.115
latency_min
1.73
latency_ave
9.98057
all_latency
1.73
8.242
9.72
9.897
9.717
10.201
9.808
10.125
10.13
10.551
9.891
9.657
10.354
9.703
9.915
10.091
10.078
9.826
10.025
10.028
10.079
9.997
9.91
10.005
9.763
9.969
9.934
9.792
13.903
10.72
7.528
8.499
9.533
9.798
10.127
9.92
10.14
14.539
9.852
10.268
7.637
8.384
9.402
9.948
10.198
9.824
9.994
9.908
10.123
10.37
9.508
10.164
9.505
10.277
9.821
10.188
10.299
9.832
10
10.094
14.728
9.578
10.103
6.394
9.324
9.678
11.106
9.93
9.322
9.663
10.641
9.363
9.975
14.878
9.488
7.038
9.036
9.589
9.928
15.141
9.346
7.582
8.572
9.512
10.045
9.882
9.933
14.913
9.618
7.427
8.673
9.565
11.153
9.103
9.907
10.123
9.987
9.877
10.014
9.994
10.12
9.962
9.885
10.156
9.669
9.944
10.118
9.92
10.19
10.053
9.959
10.175
9.942
10.071
9.902
9.941
10.052
9.907
9.941
10.086
10.022
9.922
10.013
10.019
10.114
9.921
10.132
9.515
10.132
10.391
9.197
10.368
9.694
9.961
10.187
15.517
8.882
10.196
7.982
8.422
9.289
9.855
9.818
10.18
9.896
10.424
14.136
9.799
9.994
8.202
7.911
9.842
9.91
9.509
10.339
9.913
10.076
9.909
10.01
10.356
14.319
9.773
10.087
7.001
9.066
9.969
9.337
10.455
9.78
10.017
9.745
10.222
10.113
10.27
9.714
10.023
10.115
9.863
9.96
10.321
9.932
10.298
9.622
10.019
9.877
9.888
10.063
10.135
9.511
10.116
10.287
10.913
9.31
10.23
9.809
10.206
9.906
10.047
9.952
9.951
10.039
9.993
9.902
10.123
9.994
9.972
10.165
9.834
10.049
9.988
9.556
10.298
9.834
10.088
9.783
10.361
10.093
9.981
9.824
10.039
10.057
10.049
9.986
10.004
10.011
9.908
9.917
10.15
10.089
9.927
9.864
10.131
10.018
9.955
10.73
10.061
9.667
10.249
9.238
9.899
10.119
10.013
9.834
10.111
9.868
10.117
10.147
9.795
10.126
9.968
9.866
10.281
9.742
10.065
10.01
10.033
14.536
4.927
10.013
10.169
9.938
9.933
10.029
9.995
9.973
9.953
9.891
10.311
9.885
10.273
10.154
9.945
9.787
9.966
9.966
9.961
9.995
9.852
10.193
9.959
10.162
9.97
9.948
10.427
9.978
9.859
10.168
9.867
10.22
9.822
9.557
10.045
10.062
9.984
10.025
10.337
10.283
9.57
9.997
10.146
9.853
10.002
9.962
10.353
10.425
9.228
9.949
10.178
9.963
9.917
10.077
10.021
10.024
10.035
9.778
14.715
9.453
9.069
7.42
9.328
9.862
9.897
9.849
10.17
9.974
9.893
10.278
9.791
10.258
10.005
9.875
10.136
10.208
9.932
10.109
10.011
10.064
9.832
9.998
10.191
9.912
9.938
10.259
9.794
9.765
10.009
9.884
10.118
9.946
10.244
9.95
10.025
10.057
10.076
9.875
10.124
9.91
9.946
10.088
10.007
10.027
9.883
9.958
10.152
9.938
9.941
10.091
9.958
10.061
9.926
9.63
10.156
9.908
9.98
10.079
10.385
9.996
9.909
9.925
10.184
9.925
9.951
10.252
9.817
10.174
9.921
9.858
10.223
9.84
10.034
9.996
9.828
10.056
10.044
9.955
10.029
10.165
9.796
10.205
9.915
10.003
9.878
9.97
10.156
9.935
9.928
9.995
10.075
10.136
9.925
9.831
10.155
9.992
9.921
10.051
9.984
10.059
9.887
9.959
10.16
10.009
9.866
10.035
9.983
10.014
9.732
9.883
10.051
9.982
10.271
10.089
9.954
10.07
9.843
10.005
10.151
10.005
9.891
9.976
9.768
14.38
9.928
7.295
8.756
9.597
9.656
10.181
10.167
9.869
10.03
9.748
10.365
10.018
10.754
10.284
10.33
9.223
10.054
10.362
9.828
9.244
10.067
9.945
15.785
12.219
10.165
3.664
9.128
9.42
9.749
11.027
9.564
9.56
10.557
10.412
9.55
9.409
10.226
9.797
9.89
9.854
14.503
9.654
8.086
8.038
9.712
9.808
10.184
9.853
10.042
10.232
9.842
10.105
9.811
10.108
9.942
10.718
9.556
9.927
10.195
9.925
10.026
9.848
10.179
9.601
10.249
9.828
10.364
9.543
11.016
9.728
9.487
10.6
9.693
9.778
9.908
11.911
9.524
8.627
9.667
9.763
10.006
10.194
9.939
10.101
14.618
9.687
10.096
7.945
8.038
9.322
9.831
9.926
10.117
9.993
10.131
9.967
10.11
10.102
10.045
10.223
9.837
9.962
10.175
9.938
10.104
9.942
10.355
9.785
10.062
9.937
10.324
9.892
9.909
9.858
16.115
5.416
8.652
9.497
