unit: [ms]
latency_max
0.183
latency_min
0.008
latency_ave
0.0288304
all_latency
0.183
0.039
0.029
0.028
0.024
0.029
0.046
0.023
0.016
0.021
0.03
0.063
0.024
0.038
0.023
0.023
0.022
0.023
0.022
0.022
0.022
0.026
0.023
0.024
0.024
0.025
0.023
0.022
0.024
0.074
0.074
0.032
0.024
0.018
0.015
0.015
0.018
0.015
0.077
0.057
0.056
0.052
0.025
0.019
0.018
0.016
0.016
0.063
0.022
0.044
0.022
0.017
0.057
0.009
0.016
0.039
0.043
0.021
0.016
0.015
0.017
0.073
0.065
0.056
0.031
0.022
0.017
0.032
0.029
0.022
0.019
0.038
0.04
0.016
0.078
0.057
0.039
0.029
0.023
0.046
0.076
0.06
0.032
0.025
0.019
0.017
0.016
0.014
0.078
0.061
0.032
0.025
0.02
0.032
0.023
0.022
0.022
0.021
0.022
0.021
0.021
0.022
0.022
0.023
0.022
0.03
0.022
0.021
0.023
0.021
0.023
0.021
0.022
0.022
0.025
0.023
0.024
0.028
0.021
0.022
0.023
0.032
0.021
0.021
0.022
0.021
0.021
0.023
0.055
0.019
0.022
0.015
0.021
0.032
0.015
0.041
0.076
0.062
0.057
0.074
0.034
0.02
0.016
0.017
0.015
0.015
0.016
0.074
0.057
0.055
0.08
0.017
0.019
0.021
0.014
0.015
0.017
0.014
0.017
0.017
0.019
0.073
0.058
0.067
0.022
0.028
0.019
0.015
0.022
0.015
0.015
0.017
0.016
0.016
0.019
0.018
0.023
0.019
0.02
0.02
0.022
0.024
0.022
0.021
0.022
0.02
0.022
0.024
0.029
0.045
0.016
0.047
0.056
0.024
0.026
0.024
0.025
0.028
0.025
0.024
0.026
0.024
0.026
0.026
0.025
0.025
0.025
0.024
0.024
0.025
0.025
0.025
0.026
0.025
0.027
0.025
0.029
0.024
0.025
0.026
0.024
0.025
0.025
0.025
0.026
0.024
0.024
0.024
0.026
0.027
0.025
0.024
0.028
0.025
0.025
0.037
0.037
0.027
0.036
0.023
0.023
0.022
0.023
0.022
0.023
0.027
0.023
0.023
0.023
0.023
0.023
0.023
0.023
0.026
0.022
0.023
0.028
0.145
0.008
0.016
0.015
0.015
0.015
0.015
0.018
0.018
0.017
0.018
0.021
0.022
0.021
0.021
0.022
0.021
0.015
0.022
0.015
0.015
0.015
0.017
0.019
0.019
0.019
0.02
0.023
0.032
0.027
0.023
0.027
0.022
0.022
0.022
0.022
0.022
0.024
0.022
0.03
0.022
0.022
0.023
0.022
0.022
0.026
0.027
0.025
0.052
0.026
0.026
0.026
0.035
0.025
0.026
0.026
0.022
0.022
0.022
0.073
0.06
0.056
0.03
0.02
0.017
0.015
0.018
0.015
0.015
0.014
0.015
0.018
0.018
0.021
0.023
0.024
0.026
0.024
0.029
0.03
0.028
0.029
0.028
0.028
0.03
0.028
0.03
0.027
0.028
0.028
0.028
0.028
0.031
0.028
0.028
0.028
0.028
0.029
0.028
0.028
0.03
0.023
0.024
0.025
0.024
0.023
0.023
0.024
0.025
0.024
0.023
0.023
0.024
0.023
0.025
0.023
0.026
0.024
0.024
0.033
0.024
0.025
0.023
0.024
0.024
0.024
0.024
0.024
0.024
0.024
0.024
0.024
0.028
0.025
0.031
0.024
0.024
0.023
0.024
0.03
0.025
0.025
0.024
0.026
0.025
0.024
0.025
0.024
0.025
0.024
0.025
0.026
0.025
0.025
0.023
0.024
0.027
0.024
0.025
0.027
0.025
0.024
0.024
0.024
0.027
0.025
0.026
0.024
0.025
0.024
0.03
0.028
0.032
0.029
0.028
0.028
0.028
0.029
0.028
0.028
0.034
0.027
0.029
0.019
0.079
0.072
0.046
0.031
0.023
0.018
0.02
0.019
0.018
0.018
0.02
0.042
0.033
0.031
0.042
0.035
0.03
0.044
0.076
0.042
0.024
0.027
0.028
0.07
0.07
0.072
0.035
0.024
0.022
0.021
0.022
0.05
0.022
0.096
0.062
0.026
0.023
0.029
0.025
0.021
0.027
0.074
0.056
0.033
0.024
0.019
0.019
0.02
0.02
0.018
0.018
0.019
0.018
0.021
0.02
0.021
0.021
0.024
0.023
0.022
0.023
0.023
0.023
0.042
0.026
0.076
0.024
0.044
0.024
0.046
0.072
0.022
0.129
0.036
0.023
0.024
0.053
0.038
0.026
0.019
0.016
0.015
0.015
0.017
0.017
0.077
0.069
0.075
0.053
0.022
0.02
0.017
0.016
0.018
0.019
0.018
0.019
0.019
0.018
0.023
0.023
0.023
0.022
0.023
0.024
0.026
0.025
0.03
0.025
0.026
0.026
0.031
0.038
0.025
0.027
0.072
0.041
0.029
0.022
